parameter_id,parameter_name,parameter_description,chapter_id,chapter_citation,value,same_value_language_ids,value_language_count,language_count_total,count_ratio
144A,Position of Negative Word With Respect to Subject; Object; and Verb,,144,Matthew S. Dryer. 2013. Position of Negative Morpheme With Respect to Subject; Object; and Verb. In: Dryer; Matthew S. & Haspelmath; Martin (eds.) 2013. The World Atlas of Language Structures Online. Leipzig: Max Planck Institute for Evolutionary Anthropology. (Available online at https://wals.info/chapter/144),20,aar abk adi agb akn aly amp amt ang apl apt arc arq ass ath awt aze azi bbl bej ber bia bio biu bku blz boa brl brn bsh bsk bti bur but bya can car cas cay cba ccm cct cde cga chg chh chn chv cic cln coa cpl cpn ctm cub cyv cze dds des deu dhm dig dim dio dmi dms drm dul egn eko emb epe err fua ga gah gal gar gim gjj gku gln god gon grw gur gyc ham har heh hid hix hmi hnd hol hpd hua hui hum hya hzb idu ika ila irq irx jiv jms jpn kab kac kas kba kbo kby kdw kem kew kga kgy kha khd khl kik kil kin kkp klg kll kmh kmn kmo kmp kmr knd knm knr knw knz koa kob kok koy krd krh kri kta kun kus kuv kwz lad lat ldo leb leg let lez lgi lit llm lmp lot luc mag map mcv mee mei mii mik mis mkd mke mki mkz mlg mmv mnc mne mot mpt mrs msc msg msl mts mua mui mwe mym mzc nam nan nbd ndb ndt nep new ngn ngt nis nkn nko nku nmb nmm noc noo nsn ntj nto nwd obg obo ocu omh ori ork oya pae pga pia pme pms png pre prh prk prs psh psw ptt ptw pum rao ras rem ret rgc rim rny rru rum sak sar sdw sem ser sgu she shh shk shm shn sia sin skm smn snt sod srb sul swa syu taj tal tan tao tba tbu tbw tdr tel tet tgr thn tib tir tis tki tlo tlp tma tml tna tne tob tod ton toz tpt tsf tul tun tur tuv tuy twn uby udi urn usr uyg uzb ven vnm wao wap was wau wbn wly wme wra wrn wtm xho yam yao yar ybi ygr yim yko ykt ytu zag zap zay zaz zul,333,76475,0.0043543642
89A,Order of Numeral and Noun,,89,Matthew S. Dryer. 2013. Order of Numeral and Noun. In: Dryer; Matthew S. & Haspelmath; Martin (eds.) 2013. The World Atlas of Language Structures Online. Leipzig: Max Planck Institute for Evolutionary Anthropology. (Available online at https://wals.info/chapter/89),1,ace aga agc agd ain ala alb als amh ami amk amr ams ani apu ara arc arg arm aro arp arq arw ata ath ava awa awp aym ayo aze bae baq bch bel bfg bho bii bil bkr bkt bla bln bma bre brf brs bsk bsq btk bul bur but bwc bya cak cam car cav cay ccm cde cha chc chd che chh chj chk chn chp chq chr chv ckl cld cle cln cmh cml cmn cmy cnt coc coo cop cor cpl cpn cpy crn crp cso ctl cub cuc cup cya cyv cze dam daw der dgr dhi dhm dom don dre drg drm dsh dut eme eng est eve fij fin fre gae gam gds gel geo ger gjj gku gla gnb goa god gok gon goo grf grk gua guj hak hal haw heb hil hin hix hlu hmi hmo hoa hop hpd htc hua hun hup hwr hzb iaa iba ice ifu ijo ind ing iqu iri ita ite iwa jak jaq jiv joh jpn kan kas kay kbt kdz ket kgu kgz kha khg khl kho khr khs kio kiw kkp kkt kku klm klr klv kma kmh knb knd knn kno kol kop kor koy kpm krb krc krd kre kri krk krn krz ktu kty kum kuo kut kuv kwa kwo kxo kya kyz kzy lac lat ldu lec lez lgu lic lim lit lmn lmp lui mac mag mai mam map mau mco mcv mds men mer mgg mhi mie min mis mmn mna mnd mng mns moh mpr mrc mrq mrt msq mss mto mun mus mxc mxj mxo mxp mxx mxy mym naj nas nav nca ndy neh nep nev nez ngw nhh nhm nhn nht niu nne nor nsg nti ntu nun nyu obg ocu oji ood ord ork oss otm pae pal pam pan pba pip pir pkn plk pmn pnn pno pnu pny pol ppc pra prs psh pso ptt pul pur pwn qaf qhu qim qui qum rap rem res ret rom rov rpa rsu ruk rus rut rwe saa sal sar scr sec sed see shb shi shk shp sid sin sir sis siu skp slo sml smp sna som son spa squ src srd sre sta stl sun svs swe taf tag taj tar tat tbo tee tel teo tep tgh tgk tgr thn tho thu tic tim tin tiw tkm tla tli tlp tls tml tni tnk tob tpn tpt tri tru trw tsf tsh tsi tsk tsz ttu tul tur tuy tvl tvo twe tzu uby udi udm ukr uli urd urk urn usr ute uzb vaf vie wak was wch wel wic wlf wlo wly wme wol wrd wrk wrw xar yag yap yaq yay yei yin yko yng yny yok ytu yur zai zap zay zaz zch zen zhn zun zya zzo,479,76475,0.0062634847
133A,Number of Basic Colour Categories,,133,Paul Kay; Luisa Maffi. 2013. Number of Basic Colour Categories. In: Dryer; Matthew S. & Haspelmath; Martin (eds.) 2013. The World Atlas of Language Structures Online. Leipzig: Max Planck Institute for Evolutionary Anthropology. (Available online at https://wals.info/chapter/133),2,abd aga ape api arb brk bzi can cay cea hlb idn ifu iwm jva kmt mav mwa pdp pec srn tce tol tsf yam,26,76475,0.00033998038
67A,The Future Tense,,67,Östen Dahl; Viveka Velupillai. 2013. The Future Tense. In: Dryer; Matthew S. & Haspelmath; Martin (eds.) 2013. The World Atlas of Language Structures Online. Leipzig: Max Planck Institute for Evolutionary Anthropology. (Available online at https://wals.info/chapter/67),1,abk aeg akn ala alw aly ame apu arp asm awn awp aze ben blc bng bnj bon bsq bui bur cbo chk coc cpl cpn cyn dag dio dni egn eve ewe fre geo goo grb grf grw gua gug hal heb hin imo ins jiv kay kew kio kji knd knk knr koa krk kui kut lat lav lda lez luv mai map mar mau mne mrg mrt mtg mwe mxc ngi ngm nim niv ntu ond ono pan pnn qim ram ruk sla snc som spa sue swa tag tem tig tiw tml tne tug tuk tur udm wch wic wly yaq yes ygr yko zul,110,76475,0.0014383786
82A,Order of Subject and Verb,,82,Matthew S. Dryer. 2013. Order of Subject and Verb. In: Dryer; Matthew S. & Haspelmath; Martin (eds.) 2013. The World Atlas of Language Structures Online. Leipzig: Max Planck Institute for Evolutionary Anthropology. (Available online at https://wals.info/chapter/82),1,aab aar aba abi abk abn abo abu abv acg acl acm acn aco adg adi adn ady adz aeg aga agb agh agm agt ain aja ajg akh akn ala alb ale alk all aln aly ama amb ame amh aml amn amp amq amt amx ana anc ane ang ani ano anu ao aoj api apt apu apw arc arg ari arj arm aro arp arq arw asm ass ath atk atm au ava avk avo awa awi awp awt awy ayi aym ayo ayr ayw aze azi baa bab baf bag bai bak bam bao bar bas baw bbl bbw bdm bdu bdw bej bel ben ber bgm bgo bgr bgs bgz bho bhu bid bii bik bin bio bir biu bka bkb bkt bku ble blt blx blz bmb bnb bni bnj bnk bnn bnu boa bob bod bok bol bon boq bra brf bri brl brm brn brp brq bry bsh bsk bsq bsr bti bua bub bud bug bum bur bus but buu buy bvi bya bzi cah cai cam can car cas cay cct cde cga chb chc chd chg chh chi chk chn chp chr chs chv chw cic cln cme cmh cml cmn cmr cnl cnt coa coc cop cpn cpy crn cro cti ctm ctw cua cuc cui cup cze dag dam dan daw day ddj dds deg der des deu dga dgb dgo dgr dha dhb dhm die dig dim din dio diy dja dji djp djr dlm dma dmi dmk dms dni dok doy drg drm dsh dua duk dul dum dun dut dyi ebi edo ega egn eip eka eko emb eme emm ene eng eno epe erk err ese est eud eve evn ewe ewo fas fin foe fon for fqs fre fri fua fur fut fye ga gah gal gam gan gap gar gav gbb gbs gds geo ger ggu ghb ghr gim gla gln gmw gmz gnb god goe gog gok gon goo grb grg grw gua gug guh guj gul gur guu guw gwa gwo gyc hai hak hal ham han har hat hau hay heb heh hem hhu hid hin hlp hma hmi hmo hna hnd hol hop hpd hua huc hui hum hun hya hzb iat iau iba ice idn idu ifm igb ige igs iha ijo ika ila imo ina ind ing inn iqu irq irr irx isa isi ite ito iwa iwm izi jab jad jar jbt jin jiv jmo jms jng joh jpn jrw juh juk jva jwr kaa kab kac kad kae kan kar kas kau kay kba kbo kbu kbw kby kch kdw kel kem ken ker ket kew kfe kga kgu kgy kha khd khg khl khm khn kho khr khs khw kie kik kil kim kin kio kir kis kiw kkp kkq kku kkv kla klg kll klq klw kma kmb kmh kmk kmn kmo kmp kmr kms kmu kmw kmz knb knc knd kng kni knk knm knn kno knr knw knz koa kob koe kok kol kom kon kor kos koy kpw kqq krc krd kre krh krk krr krw kry krz ksa kse ksg ksm ksn kta ktc kte kti ktl kty kum kun kus kuu kuv kwa kwn kwo kwt kwy kwz kxo kya kyk kyl kyn kyp kyr kyz kzy laa lab lad lag lah lai lak lal lan lao lar lav lbu lda ldo ldu leb lec leg lel len lep les let lew lez lgi lgt lho lic lim lin lis lit lkt llm lmh lmn lmp lmu lnd lon lot lou luc lug lui luo luv ma mab mad mae mag mai man mar mas mau maw max may mba mbe mbi mbm mbo mbr mbt mby mcd mda mde mdg mdl mdn mdo mds mdw mea mee mei mek mem mer mey mga mgg mgh mgi mgk mgo mgq mgu mhi mhu mie mii mij mik mil mis miz mka mkd mke mkg mkh mki mkj mkl mkq mku mkz mla mlg mlk mlm mlu mmb mmv mnc mnd mne mng mni mnm mno mns mnv mny moe mof mog mom mon moo mor mos mot mou mpa mpt mpu mqf mrc mrd mrg mrh mri mro mrr mrs mrt mru mrw msc msg msl msm msn mss mtb mto mts mtu mua mui mum mun mup mur mus muu mwe mwo mxe myg myi mym myn myr nab nad nag nah naj nak nal nam nar nas nat nav nbd nbe nbm nbr ncm ndb ndi ndj ndo ndt ndu ndy neh nep nev new ney nga ngd ngi ngj ngk ngm ngn ngo ngt ngu ngw ngz nhn nis niv nkb nke nkn nko nku nma nmb nmd nmm nnd nng nnk noc nog non noo nor nph nse nsn nti ntj nto ntu nua nue nun nup nus nwd nya nyi nyk nza nze obg obo ocu oir oks olo omh omi one ong ora ord orh ori ork oro orw ory osa oss otr owi oya paa pae pal pam pan par pat paw pba pdp per pia pir pis pit pkn plg plh plk pme pmn pms png pno pnu pny pog poh pok por pra pre prh prk prs psh pso psw ptt ptw pul pum pun pur qaf qaw qhu qim rag ral ram rao ras raw rem res ret rga rgc ria rik rim rmb rnd rny rom ron rot rpa rru rsu rum run rus rut rwa ryu sah sak san sap sar sav scr sdw sea sed sem ser ses sgb sgl sgu sha shb she shh shi shk shl shm shn sho sht sia sid sil sin sio sir sis skk skm sko skp skr sku skw sla slb sle slo sme smn sna sng snh snm snn sno snt sob sod som son spi srb src srd sre srn sro ssa sta sti stl stn sud sue suk sul sun sup sus svs swa swe syu tab tac taf taj tak tal tam tan tao tar tau taw tba tbl tbt tbu tbw tce tdi tdr tel teo ter tet tgk tgl tgn tgr tha thk thn thu thy tia tib tid tig tik tis tiv tiw tja tki tkl tkm tlf tli tlo tma tmc tmg tml tmm tmn tmo tmr tnb tnc tne tni tnk tnn tny tod ton tou toz tpr tpt trb trm trr tru trw tsf tsh tsz ttd tte ttn ttu tul tum tun tur tuv tuy tvo tvt twe twn txj tye uby udh udi udm uhi ukr uld uli una ung ura urd urk url urt uru usa usr uyg uzb vai ven vie vnm wag wah wak wal wan wao wap was wau way wbn wch wed wiy wlf wlw wly wma wme wmu wn wna woi wol wom wra wrk wrm wrn wry wsk wtm wwa xam xar xas xav xbi xer xho xns xoo yah yal yam yaq yar yay ybi ycn yei yel ygr yi yid yim yin yko ykt ylm yng yor yqy ytu yuc yuk yul yur yus yuw zag zan zar zay zaz zch zhn zim zpr zul zun,1192,76475,0.015586793
106A,Reciprocal Constructions,,106,Elena Maslova; Vladimir P. Nedjalkov. 2013. Reciprocal Constructions. In: Dryer; Matthew S. & Haspelmath; Martin (eds.) 2013. The World Atlas of Language Structures Online. Leipzig: Max Planck Institute for Evolutionary Anthropology. (Available online at https://wals.info/chapter/106),2,abk acg aeg ain amu anc apu asm bag bam bma bsq bur but cea cha chk cnt csh eng eve evn fij fin fue gbb geo goa grb gua hau hin hmo ign ind ite jpn jva kab kay kgz kha kho knd koa kor krc krk kse kut kyp lkt lrd lye mal mei mku mnd mne mno mrt mun nel ngi niv nko nom nug ojm orh pir prs pso qbo qcu sla snm swa tag tbb tce tha tiw tml tuk tur tuv vie wgu win wur xok ygd yko ykt ytu yuk zul,99,76475,0.0012945407
94A,Order of Adverbial Subordinator and Clause,,94,Matthew S. Dryer. 2013. Order of Adverbial Subordinator and Clause. In: Dryer; Matthew S. & Haspelmath; Martin (eds.) 2013. The World Atlas of Language Structures Online. Leipzig: Max Planck Institute for Evolutionary Anthropology. (Available online at https://wals.info/chapter/94),2,agm ain akh ame amh ana apt asm ath awt baw bkb blt blx bsq bud car cay chp chs chv cmr cti ctm ctw dds des dgr dms dul ese gav gim gjj hai hid hix hmi ho hum jms jng jpn kew kha kho kku kmb kng kor krn kti kuv kyn lah lai lal ldu lep lmn mac maw mgg mis miz mnc mru nam nep nti osa pum raw res sem ser shi skk snm srn sro svs tac tib tja tli tnc udm urk urn way wbn yko yuc zag,96,76475,0.0012553122
37A,Definite Articles,,37,Matthew S. Dryer. 2013. Definite Articles. In: Dryer; Matthew S. & Haspelmath; Martin (eds.) 2013. The World Atlas of Language Structures Online. Leipzig: Max Planck Institute for Evolutionary Anthropology. (Available online at https://wals.info/chapter/37),5,ace aco aln amb amc amn ana ang any apl apu au awp bar baw bfg bni bod brm bsi bsk bto bum cax cbo chc che chg chk chr chv cle cmr cnl coc cti cup cze dag dhr dlm dmi dni est eud eve evn fij fin gar gln gon grb grw gur hat hin hix hmi hzb iba ika imo ing irq isa ite jab jng kaa kad ket kew kha khg khs kio kis klv kma kmb kmh kmj kmk knc kor krn kro ksg kwn lai lal lao lbu lit lmn lug luv maa mac mbm mhi mik min miz mkj mlu mnm mns mra mro mru msn mun mwo mxc mxp nas ndb ndj ndo ndu ngd ngi ngl ngm nht non nsg nug nun orh orw pae pal pan pau pga pia plk pno pol prh psh pso pul qaf qim raw res ret rus sar scr shk sia sid sla sna sno src srn sro sti stn sul tab tac ten tes thy tiw tkl tna tsh ttu tul tuv tvo tvt ukr uli urd urk war wbn wik wor xar yag yid yim yko yok yor ypk zul,198,76475,0.0025890814
134A,Green and Blue,,134,Paul Kay; Luisa Maffi. 2013. Green and Blue. In: Dryer; Matthew S. & Haspelmath; Martin (eds.) 2013. The World Atlas of Language Structures Online. Leipzig: Max Planck Institute for Evolutionary Anthropology. (Available online at https://wals.info/chapter/134),2,abd aga agc agu amk ape api arb bhi bhn brk bzi cah cav cay cbo chy cle cof did ese ghb gmb grj hlb htc idn iwm kak klq kmt kun mav mey mki mrl mwc mxp myr mzc oca ood pat pec prh ser shk srm srn sur tac tbl tbo tce tic tlp tol trb tsf twe vas wao wrl yam ycn yus zte,68,76475,0.0008891795
78A,Coding of Evidentiality,,78,Ferdinand de Haan. 2013. Coding of Evidentiality. In: Dryer; Matthew S. & Haspelmath; Martin (eds.) 2013. The World Atlas of Language Structures Online. Leipzig: Max Planck Institute for Evolutionary Anthropology. (Available online at https://wals.info/chapter/78),3,arw brs bul car chc crp eka eve gag god hai hzb ing khw kji lad laz prs slr tar tur tuy ykt,24,76475,0.00031382806
83A,Order of Object and Verb,,83,Matthew S. Dryer. 2013. Order of Object and Verb. In: Dryer; Matthew S. & Haspelmath; Martin (eds.) 2013. The World Atlas of Language Structures Online. Leipzig: Max Planck Institute for Evolutionary Anthropology. (Available online at https://wals.info/chapter/83),1,aar aba abk abn abo abv acn acu adg ady aga agm agt ain akh ala ale aly amb amc ame amh amn amp amt amx ana ang ano ao api apl apt apw arc arw asm ass asu ath atk atm ava awa awi awp awt awy aym aze azi baa bam bao baw bbw bdm bdw bej bel ben bgm bgn bho bhu bin bio biu bkb bkt bln blt blx bnj bnu boa bod boj bok bon boq bri brl brm brp brs bry bsk bsq bsr bti bua bun bur bus but bya bzi cah can car cas cay cbo cct cde chb chc chd che chg chh chi chk chn chp chs chv cln cml cmn cmr cnl coa cpn cpy cro cti ctm ctw cub cui cup dag dan daw dds der des deu dgr dha dhb dhm die dig dim diy dja dji djp dlm dmi dmk dms dni drg drm dul dum dun dyi edo eip eka emb eme ene epe ese eud eve evn fas foe for fqs ful fur gah gal gam gan gap gar gav gds geo ghb ghr gim gln gmw god gog gon goo grw gug guh guj gur guu gyc hai ham han har hay hhu hid hin hix hlp hma hmi ho hop hpd hua hui hum hzb iat iau idn idu iha ijo ika imo inn irq irx isa isi ite iwm jad jbt jin jiv jms jng joh jpn jrw jug jva jwr kaa kab kac kae kbo kbt kbu kem ket kew kgu kgy kha khd khg khl kho khr khw kie kim kio kiw kkp kkq kku klg kll klq klr klw kma kmb kmh kmk kmn kmo kmp kmr kms kmz knb knc knd kng knm knn kno knr knw knz koa kob kok kol kop kor koy kqq krc krd krh krn krr krw kry krz ksa kse kta kti kty kum kun kus kuu kuv kwb kwo kwt kwz kxo kya kyk kyn kyp kyr kyz lad laf lah lai lak lal lar lav lep lez lho lim lis lkt lmn lot lun mab mac mag mai man mar maw max mbo mde mdl mdn mei mek mem mer mey mgg mgh mgi mhi mii mij mik mil mis miz mka mke mkg mkh mki mkj mkl mku mlk mme mnc mne mni mnm mno mns mnv mny mog mom mot mpa mpt mqf mrc mrd mrh mri mrr mrs mru msc msg msl msn mto mts mtu mui mun muu myi mym myr nab nad nag naj nam nar nas nat nav nbd nbr ndj nep nev new nga ngg ngi ngj ngn ngt nis niv nkb nku nma nmb nmd nmm nnd nnk noc nog nph nsn ntj ntu nus nwd nya nyi nyk nze oir oks omh omi ong ord orh ori ork oro orw ory osa oss owi oya pae pan par paw pba pdp pia pir pis pit pme pmn pno pra prh prk prs psh pso ptt ptw pun qaf qaw qhu qim ral ram rao ras raw rem res ret rgc ria rik rmb rpa rum run rut rwa ryu sar sav sdw sel sem ser shb she shh shi shk sho sia sid sil sin skk sko skp skr skw sla slb slg sme smn sna sng snh snm snn snt sod som spi srb src srn sro sta stl sue suk sup sus svs syu tac taj tak tam tao tar tau taw tba tbl tbt tbu tce tdi tdr tel tgl tgr thk thn thu thy tib tig tir tis tja tkl tkm tlf tli tlo tls tma tmc tmg tml tmo tnb tnc tni tnn tny tod ton tou tpt trb trr trw tsf tsh tsz tte ttu tul tun tur tuv tuy tvl tvo tvt twe tye uby udh udi udm uhi una ung urd urk urn uru usa usr ute uyg uzb vaf vai wag wah wai wak wao wap was wau way wbn wed wic wlw wly wme wmu wn wna woi wom wra wsk wtm xas xer xns yah yal yam yaq yar ybi yei yel ygr yi yid yim yko ykt ylm yqy ytu yuc yuk yus yuw zag zay zaz zim zun,712,76475,0.0093102325
87A,Order of Adjective and Noun,,87,Matthew S. Dryer. 2013. Order of Adjective and Noun. In: Dryer; Matthew S. & Haspelmath; Martin (eds.) 2013. The World Atlas of Language Structures Online. Leipzig: Max Planck Institute for Evolutionary Anthropology. (Available online at https://wals.info/chapter/87),3,abi acn aco alw amm amt ata bac bbw bej bgn bgo bio bkl boj brs btk bua cam chg chs cmh cuc deg der djm djr dlm dul esm gah gim gmz grg grj gum han hil ite ito izi jam jug kac kan kla knk kpm krj kwt kyr laf lah lai lmu lun mak mam mch mcv mei men mik mir mmn mos mss nag nas ngi ngw nhn nke nmm nug nuu nyr obo oks pdp pnn pny pod rji ruk sal see shk son swt tac tag tar tis tiv tla tli tot tpn trr tru tvt tzu uru wan wao yim yin ypk,110,76475,0.0014383786
95A,Relationship between the Order of Object and Verb and the Order of Adposition and Noun Phrase,,95,Matthew S. Dryer. 2013. Relationship between the Order of Object and Verb and the Order of Adposition and Noun Phrase. In: Dryer; Matthew S. & Haspelmath; Martin (eds.) 2013. The World Atlas of Language Structures Online. Leipzig: Max Planck Institute for Evolutionary Anthropology. (Available online at https://wals.info/chapter/95),1,aar aba abk acn adg ady agm ain akh ala aly amb amc ame amp amt ana ang ao api apl apt arc arw asu atk ava awp awt aym baa bam bao baw bej bho bin bkb bln blt blx boa boj bok bon bri brm brs bry bsk bsq bti bua bur bus but bya bzi cah car cas cbo cct cde chc che chg chi chk chn chp chs chv cln cmn cmr cnl cti ctm ctw cub cup dag dan daw dds der des dgr dhm die dig dim dji dlm dmi dmk dms dni drg drm dul dun edo eip emb eme ene epe ese eud eve evn fas for fqs ful fur gam gan gap gar gav geo ghb gim gln gmw gon grw guj gur gyc hai ham han hay hhu hid hin hix hlp hma ho hop hpd hua hum hzb iau idn idu ika imo inn jbt jin jms jng joh jpn jug jva kaa kab kac kbo kbt kem ket kew kgy kha khd khl kho khr khw kie kim kiw kkp kkq kku kll klq klr kma kmb kmh kmk kmn kmo kms kmz knb knc knd kng knm knn knr knz koa kob kok kol kop kor krc krh krn kry ksa kse kti kty kum kun kus kuv kwb kwo kwt kxo kyk kyn kyr kyz lad lah lai lak lal lar lav lep lez lho lis lkt lmn lot lun mab mac mag mai man mar maw max mbo mde mdl mdn mei mek mey mgg mgh mgi mhi mik mis miz mka mke mkg mkj mkl mku mme mnc mnm mno mns mnv mom mpt mqf mrd mrh mri mru msg msn mtu mun muu myr nab nad nag nam nar nas nat nav nbd nbr ndj nep nev new ngg nis niv nnd nnk noc nph ntj ntu nwd nyi nze oks omi orh ork oro orw ory osa oss owi pae pan paw pdp pis pit pmn pra prh prk psh pso ptt ptw pun qaf qaw qhu qim ram raw rem res ret rik rum run rut ryu sar sav sdw sel sem ser shb she shh shi shk sid skk sko skw sla slb sme smn sna sng snh snm snt src srn sro sta stl sue sup sus svs syu tac tak tam tar tau tbl tbt tbu tce tel tgl thn thu tir tja tkl tkm tlf tli tls tml tmo tnc tny ton tou trb trw tsf tsz tte ttu tul tun tur tuv tuy tvo tvt uby udh udm una ung urd urk urn usa ute vai wah wai wao was way wbn wme wna wra wsk wtm xas xns yah yal yaq yar yei yel ygr yi yim yko ykt ylm yqy ytu yuc zag zaz zun,472,76475,0.0061719515
112A,Negative Morphemes,,112,Matthew S. Dryer. 2013. Negative Morphemes. In: Dryer; Matthew S. & Haspelmath; Martin (eds.) 2013. The World Atlas of Language Structures Online. Leipzig: Max Planck Institute for Evolutionary Anthropology. (Available online at https://wals.info/chapter/112),1,aar abk acu adi adz agb akn aly amc amp amt ang ao apl apt arc arq ass ath awe awt aze azi bbl bbu bej bel ber bgn bia bio biu bku bla bln blz boa boj bol brh brl brn brr brs bsh bsk bti bur but bya cam can car cas cay cba cbo ccm cct cde cga chg chh chi chn chv cic cln cmh cnm coa cop cpl cpn cqt crp ctm cub cyv cze dds des deu dhi dhm dig dim dio dmi dms drm dul efi emb eny epe err fua ful ga gah gal gar gim gjj gku gln god gon grw gur gyc ham har heh hid hix hmi hnd hol hpd hua hui hum hya hzb idu ika ila ina ing irq irx jeb jiv jms jpn kab kac kas kay kba kbo kby kdw kem kew kga kgr kgy kha khd khg khl kik kil kin kkp klg kll kma kmb kmh kmi kmn kmo kmp kmr knd knm knr knw knz koa kob kok koy krd krh kri kta kun kus kuv kwo kwz kyz lad lat lda ldo leb lec leg les let lez lgi lit llm lmp lot luc mab mag map mcv mee mei mhl mii mik mis mkd mke mki mlg mmv mmw mnc mne mot mpt mrs msc msg msl mts mua mug mui mwe mym mzc nam nan nbd nde ndt nep new ngl ngn ngt nis niv nkn nko nku nmb nmm noc noo nph nsn ntj nto nwd nyh nym obg obo ocu omh ori ork oya pae pec pga pia pme pms png pre prh prk prs psh psj psw ptt ptw pum pwn qia rao ras rem ret rgc rim rit rnd rny rru rum run sak sar sba sdw sem ser sgu she shh shk shm shn sia sin smn snt sod sor srb sug sul swa syu taj tal tan tao tar tba tbu tbw tdr tel tet tgr thn tib tir tis tki tlo tlp tma tml tna tne tob tod ton toz tpt tsf tts tul tun tur tuv tuy twn uby udi urn usr uyg uzb ven wai wao wap was wau wbn wly wme woi wra wrn wtm xho yam yao yar ybi ygr yim yko ykt ypk yrm yrr ytu zag zap zay zaz zul,395,76475,0.0051650866
84A,Order of Object; Oblique; and Verb,,84,Matthew S. Dryer (Orin D. Gensler). 2013. Order of Object; Oblique; and Verb. In: Dryer; Matthew S. & Haspelmath; Martin (eds.) 2013. The World Atlas of Language Structures Online. Leipzig: Max Planck Institute for Evolutionary Anthropology. (Available online at https://wals.info/chapter/84),6,ace acm aco adn ajg ala alw ani any apu arm arw avo awt bac bai bdm blr bnb bnu brm brn brr cai cam cav cea che chr cmh coc coo cre dam ddj dgo dhr din djm djn djr dut dyi eme emm fij fri gap ger ggu gid git gnn goo grg grj gum gwa hup ido ina inn irq ite jam jeb kay kis kkw klm kmw knc krk kuu kws lar ldu lec les lgt lml lug lui mad map mdl men min mku moa moh mou mra mrh mrr mrw mss mtt mxx mzh nas ndj ney nez ngi ngk ngl ngn nha nti nue nug oji ond pau pkn pnx pny pok ppi psm ptw pun ram res rit sal sar sdw shs siu snc tac tic tik tin ton tpn tru tsh ttu tun tus twe twn udi urk ute wan wic wik win wiy wrd wrg wrl wrw wry wya yim yin ypk yur ywl ywr zar,167,76475,0.0021837202
65A,Perfective/Imperfective Aspect,,65,Östen Dahl; Viveka Velupillai. 2013. Perfective/Imperfective Aspect. In: Dryer; Matthew S. & Haspelmath; Martin (eds.) 2013. The World Atlas of Language Structures Online. Leipzig: Max Planck Institute for Evolutionary Anthropology. (Available online at https://wals.info/chapter/65),2,abi aco afr ain ame amh ana apu arp asm atc awn bar ben blc bon brm brs bui cnl coc cpl cre cyn dag did dio eng ewe fij fin ger goo grw gua gug hal hau heb hmo hun ice ind ins ise jav jiv jpn kay kew kfc kha khm kmu knd koa krk kui kut kya lah lai lao lat lav lda lkt luv mai man mao map mar may mei mne mrt mtg mtu myi nca ngi nim niv ntu ono pai plg qco qim ram rap raw san sml snm som sue sun swa swe tga tgr tha tig tiw tml tne tpi tuk udm vie war wch wlf wra yes yko yor zun,121,76475,0.0015822164
55A,Numeral Classifiers,,55,David Gil. 2013. Numeral Classifiers. In: Dryer; Matthew S. & Haspelmath; Martin (eds.) 2013. The World Atlas of Language Structures Online. Leipzig: Max Planck Institute for Evolutionary Anthropology. (Available online at https://wals.info/chapter/55),2,ain arz aze bal beg bit bjs bkr bor chn chy dob gil hai hat hok hun ind jah jav kag kbr keu khm khr lud lur may mel mhm min mks mnr mzn nca npu nrm oca ore pad pia pil prs rse sam sin snm stl tho tid tng toq ttn tts tuk tur tvl tvo vaf wur yap,62,76475,0.0008107225
66A,The Past Tense,,66,Östen Dahl; Viveka Velupillai. 2013. The Past Tense. In: Dryer; Matthew S. & Haspelmath; Martin (eds.) 2013. The World Atlas of Language Structures Online. Leipzig: Max Planck Institute for Evolutionary Anthropology. (Available online at https://wals.info/chapter/66),2,ala ame asm blc bon brs but cnl coc cpl cyn dni grb hix ins kew kho kik koa lda luv mne mwe nbr nim ono ood ses sla snm sue sup udm uyg wch yes zul,38,76475,0.0004968944
51A,Position of Case Affixes,,51,Matthew S. Dryer. 2013. Position of Case Affixes. In: Dryer; Matthew S. & Haspelmath; Martin (eds.) 2013. The World Atlas of Language Structures Online. Leipzig: Max Planck Institute for Evolutionary Anthropology. (Available online at https://wals.info/chapter/51),6,ala amb amp ao apu awp awt aym bac bao bin bsq bzi cav cct chg chn cmr coo daw dds des die dig dim dlm dmi dms dun eip eme emm epe fas for fqs ful gar gim gnn hai hay hma hpd ika imo ina inn jpn kew kgy khd khr kll kmw knc knm knr koa krk ksa kwo kwt kyk lot mar mei mey mgg miz mnm mpt msg msn nab nar nat nbd ngg ngk nph oks ory pae pau pdp pit qhu qia res ret sar sdw sem shk skk sko sng snm sro svs tam tar tau tbt tbx tgl tja tmo ton tsf tuy uby ung wat wbn wir wme wry yal ygr zag,123,76475,0.0016083687
132A,Number of Non-Derived Basic Colour Categories,,132,Paul Kay; Luisa Maffi. 2013. Number of Non-Derived Basic Colour Categories. In: Dryer; Matthew S. & Haspelmath; Martin (eds.) 2013. The World Atlas of Language Structures Online. Leipzig: Max Planck Institute for Evolutionary Anthropology. (Available online at https://wals.info/chapter/132),5,aga agc agu ant ape api arb bhi bhn brk bzi cav cay cea chy cle cof did ese ghb grj hlb htc idn ifu iwm kmt kun mey mki mrl mwa mwc mxp oca ood pec ser shk srn sur tbl tbo tce tic tlp tol tsf twe vas wrl yam ycn yus zte,56,76475,0.0007322655
90B,Prenominal relative clauses,,90,Matthew S. Dryer. 2013. Order of Relative Clause and Noun. In: Dryer; Matthew S. & Haspelmath; Martin (eds.) 2013. The World Atlas of Language Structures Online. Leipzig: Max Planck Institute for Evolutionary Anthropology. (Available online at https://wals.info/chapter/90),1,abk acn ain akh ala amb amh ami apt asm ath awa awt bai bel blt bod brl brm bsk bsq bur chc che chh chn chs chv cml cnt cpn cpy dgr dhi dhm dig dms drg eip eve evn gal gam gar gur gyc hak han hay hhu ho hpd hua hum hzb ijo ing jng jpn kab kem kgy kha khd khg kho khw kkp kku kmh kmk kol kor koy krc kty kuv kwo kwt lah lez lim lis lmn mei mgg mhi mnd mne mns mru msg mun mym new ngt niv nma nmm noc nph nwd prk pum qaf qhu qia qim raw rum sar sid skk sng svs tam tel tgl tgr thu tib tkm tli tml tmo tsf ttu tur tvo uby una urn uyg uzb yal yar ygr yko ykt zay,141,76475,0.0018437398
88A,Order of Demonstrative and Noun,,88,Matthew S. Dryer. 2013. Order of Demonstrative and Noun. In: Dryer; Matthew S. & Haspelmath; Martin (eds.) 2013. The World Atlas of Language Structures Online. Leipzig: Max Planck Institute for Evolutionary Anthropology. (Available online at https://wals.info/chapter/88),1,abi abk abv aco adk ain ala alb als alw amb amc amh ami amk amn amr ams ana ani ann anu apt apu apw ara arc arm arp arw asm ass ath atk ats ava awa awp awt aym bae baq bar bdm bfg bho bii bil bkt bku bla blg blr blt bnb bnj bnn bnr bod brh brl brm brs bsk bub bul bur but bya cak car cas cay cde cea cha chc chd che chg chk chn chp chs chv ckl cld cln cml cmn cnm cnt coc coo cor cpn cpy cre crp cti ctl cup cyv cze daw des dgr dhi dhm diy djm djn djp djr dlm dmi dms dom drm dsh dua duk dul dut dyi emb eme eng epe est eud eve fin for fre fri fur ga gaa gam gar gav geo ger gid gjj gnb god gon goo grg grj grk grr gto gua guj gur guu gyc hai hak haw hay hei hhu hil hin hlu hmi hop hpd htc hua hun hup hve hwr hzb ice idn idu ifu ijo ilo ing iqu ita ite ito iwa jaq jbt jeb jng joh jpn jva kaa kab kac kae kas kay kbt kem ket kew kgy kha khg khl kho khr khs kin kio kiw kkp kkt kku kkw klm klr kls kma kmh kmn kms knd knn kno koa kok kol kor koy krc kri krk krn krw kry krz ksa ktm kty kum kuo kut kuv kwo kwt kxo kyn kyr lac lad lat ldu lec lep lez lil lim lit lmn lui lun maa mac mai mak mam map mau mcd mco mcv mdm mds mek men mgg mgi mhi mie mik mis miy mkg mmn mnd mne mns moa moh mot mra mrc mrt mru msc msg msq mss mto mtt mun mut mwb mxx myi mym naj nas nav nax nbd nca ndj nep nev new nez ngi ngl ngn ngw nhh nhm nhn nht niv nku nnc noc nor nph nrg nsn nti ntu nug nwd nyk nyn nyr nyu nze ocu oji omh omi ond ood oss otm pae pai pal pam pan pau paw pba pdp pga pia pir plk pno pny pod pol por ppc pra pre prk prs psh psm pso ptt pum pur qaf qhu qim qui qum ram raw rem res ret rgc rmb rsu ruk rus rut rwe sal sar sav scr sdw sec she shh shi shk shm sho shp sid sin siu skp sla slb slo sme smn sna sng snm snt spa spi squ src srn stl suk sup sus svs swe swt tac tah taj tam tar tau taw tbl tce tee tel tgl thd thk thn thu tic tig tiw tkl tkm tla tli tls tml tnc tni tnn tob tot tpn tps tpt trr tru trw tsf tsz ttu tul tur tuv tuy tvo tvt twe txj udi udm uhi ukr una urd urk urn usr ute uzb vaf wak wam wao wap was wbn wed wem wic wik wiy wlo wly wme wra wrd wrk xam xas xer yag yaq ybi ycn yin yko ykt yng yny yok yuc yuk yur yuw zay zaz zch zqc zqs zun,542,76475,0.0070872833
69A,Position of Tense-Aspect Affixes,,69,Matthew S. Dryer. 2013. Position of Tense-Aspect Affixes. In: Dryer; Matthew S. & Haspelmath; Martin (eds.) 2013. The World Atlas of Language Structures Online. Leipzig: Max Planck Institute for Evolutionary Anthropology. (Available online at https://wals.info/chapter/69),2,aar abi abk abn abv acg acm aco acu adn aga agm agt ain ala alb alc ale alw aly amb amc ame amn amp amx ana ani ann ao apl apt apu ara arc arm arw asm ass ath atk ava avo awa awe awi awp awt aym aze azi baa bac bae bam bao baq bau bco bdm bej bel ber bgn bho bii bil bin bio bkb bkr bln blt blx bmb bmr bnj bnr bnu bod boi boj bre brh bri brm brn brr brs bry bsk bua bul bun bur but bya bzi cah car cas cax cay cba cbo cct cde chb chc che chg chi chn chv chx cld cln cmh cmn cmy cnm cnt coa coo cos cpy crn crp ctm cub cui cup dag dan daw der des deu dgo dgr dhb dhm dhr dhw dig dim diy dja dji djm djn djp djr dlm dmi dmk dms dni dom drm dsh duk dun dut dyi eip eka emb eme ene eng epe ese est eud eve evn fas fin for fqs fre fua fur fye gaa gah gal gan gar gbb gds geo ger ggu gid gim gln gnn goa gog gon grb grf grj grk grr grs grw gud gug guh guj gum gur guu hai hak hal har hay hin hix hlp hmi ho hop hpd hua hui hum hun hzb iat ice igb ign igs iha ijo ik ika imo ina ind ing inn iqu irx ita ite iwa jam jaq jeb jiv jpn jva jwr kac kar kay kbo kbu kem ker kew kfe kgu kgz kha khg khi khl kio kiw kkp kku klm klq kma kmb kmh kmj kmk kmn kmo kmp kms knb knc knd kni knk knm knn knr knw kob koe kok kol kop kor koy krc krh kri krj krk krw ksa kta kti ktl kty kum kus kuu kuv kwk kwo kwt kwz kya kyk kyq kyz lac lad lav ldu lec lep lez lho lim lit lkt lmn lng lot lui lun mab mac mag mak map mar mau mbt mcd mco mcv mde mdm mdn mdo mee mei mem mgg mgi mhi mhk mij mik mis mkg mkh mkr mme mmi mnc mnd mne mni mnm mno mns mny moe mog mom moo mos mot mou mpr mpt mqf mra mrh mri mrr mrs mrt mrw msc msg msl mss mtk mts mui mun mut nab nag nah nar nas nbd nbr nca ndo ndt nep nev new nez nga ngi ngj ngl ngn ngt ngw ngz nha nhh nhm nhn nht nis niv nkb nmb nmd noc nog non nor nph nsn nti ntj ntu nug nwd nyi nze oks olo omh omi one ong ood ord orh ork oro orw osa oss oya paa pae pan pau paw pba pdp pga pia pip pir pis pkn plk pme pno pny pol por ppi prh prk psh pso ptw pum pur pwn qaw qhu qim ram rao raw rem res ret rit rmb rom rot rum run rwa rwe sav sba sdw sem shd she shh shi shk sho shp shy sia sid sin siu skp skr slb slg slp sme smn sna snh sno snt som spa srd srn sro sta stl sue sug suk sus svs swe syu tac tam tan tao tau tba tbl tbu tbx tce tel tgl thn thu thy tir tja tkl tma tmc tmg tml tmo tnn tny tob ton tpn tps tpt trb trr tru trw tsf tsh tte ttu tun tur tuv tvo tvt twe twn uby udi udm uhi ukr una urd usa usr ute uyg uzb wah wai wak wam wao wap was wat wau way wbn wch wel wem wik win wir wly wmu wog wra wrb wrg wrk wrn wsk wtm yag yah yal yaq yar ycn yid yim yin yko ykt ylm yng yok ypk yrm ytu yuc yuw ywl yyg zay zch zpr zqc zqo zqs zun,667,76475,0.008721804
130A,Finger and Hand,,130,Cecil H. Brown. 2013. Finger and Hand. In: Dryer; Matthew S. & Haspelmath; Martin (eds.) 2013. The World Atlas of Language Structures Online. Leipzig: Max Planck Institute for Evolutionary Anthropology. (Available online at https://wals.info/chapter/130),2,abi abk abm abw acg acm acu afr agr aht akr ale alg amh amk amr amu apc api apj ara aro arw arx atq ats awa awp aym ayo aze bab bae bam bca bem bgr bkd bkl bla blj blr blx bno bnq bnv bok bor bpb brc bre brs bsq btk bur but cab cac cai cak cam cap car cas cat cav cax cay cch cck cct ceb cec cha che chi chj chl cho chp chr chu chw cin cla clc cle cma cmh cmn cmy cnl cnt cof cog col cor cpa cre crg crk crl crn cro crp crq crt csf csh csk ctc ctl ctt ctw cub cui cur cut cuu cyn cze dak dam dca des dgx dig djp dre dsh dut efi eka emb ena eng ese eve eya fij fin for fox fre fut gad gae geo ger ghb gid git gjj gku gmb gna gno goa gre grk grm gto gua gul guu gyb hai hau heb hid hil hmb hmd hmi hmu hop hpd htc hui hum hun hve ifu igb ik ika ill ilo ind iql iri ita itw itz ixc ixi jak jeh jmo jpn juh kas kat kaz kdg kdz kea kek kew kfe kgt kgz kha khg khk kic kio kis kje kky klm klw klz kmh kmk knc knd kng knr koa kon kor kos kpn krc kro ktb kth ktu kul kun kuq kut kwa kwe kws kyn lao lau len lez lit lnw lui lus mab mai mal mao map maz mby mcg mch mcn mco mcs mcv men mer mgg mhc mhi mic mid mij mis miz mjc mkb mnc mnd mne moc mog moj mok mop mos mov mpy mrt mse msh mss mtg mti mtp mtt mui mum mup mut muy mwb mwl mxg mxu myi mym myo myr mzc nas nbd nbr nep ngn nht nhu nhx niu nju nko nkr nlu nne nnm nog nom nor npa nro nsk nsn nsz ntj nuk nun nuu nya nym oca oji oka oko olu ood ore osa osm owc pae pal pan pcm pem per pia pip pir pla pme pnn pno poh pol por pow ppc prt psj psm psv pui pul pur qan qaw qca qch qec rad ram rap res ret rgn rng rnn rom rus sal sam say sba scr sea sec sed sel shk shl shn sho shu shw sin sla slv smj smt snh sno sol son spa spo squ sri sss stl sum sus sva svk swa tac tag tar tbe tce teh tga tha tib tic tkm tlf tlp tml tna tnb tnj tnl toa tob toj tol tos tpa tpi tpt trb trc tsf tsg tsh tsi tsj tsw tty tub tup tur tus tut tuy tvo twn txj tze tzo tzt udh uhi ukr ute uzb ved wap way wch wel wem wic wir wiy wmu wol wra wrd wth wwr xar xer xoo yah yak yap yar yav ycn yct yki ypk yrt yus yyo zai zaj zam zap zfl zqc zqr zqs zul zun zzo,521,76475,0.006812684
135A,Red and Yellow,,135,Paul Kay; Luisa Maffi. 2013. Red and Yellow. In: Dryer; Matthew S. & Haspelmath; Martin (eds.) 2013. The World Atlas of Language Structures Online. Leipzig: Max Planck Institute for Evolutionary Anthropology. (Available online at https://wals.info/chapter/135),2,abd bet cax cbo dan eja gun kkb mdu naf prh tac tce wob,15,76475,0.00019614253
129A,Hand and Arm,,129,Cecil H. Brown. 2013. Hand and Arm. In: Dryer; Matthew S. & Haspelmath; Martin (eds.) 2013. The World Atlas of Language Structures Online. Leipzig: Max Planck Institute for Evolutionary Anthropology. (Available online at https://wals.info/chapter/129),1,ain amh amr apj apw aro arw arx awa aym ayn aze bam bgr bla blj blr bnq brc btk cab cah cak car cay cch cck ccp cha chj chl cho chr chw cin cmc cmy cof col cor crl csf csk ctt ctw cuu cyn cze dam dca die efi eka ena eud for fut gad geo git gku grm gul hau haw hop hui ifu igb ika ilo itw itz ixi jak jeh jmo jpn kat kaz kdz kea kfe kha khg khk khm kio kis kje kky klw kmh kmk knr kon kos kpn kro ktb kuq kwa kwe lau len lez lit lnw lui mab mai mao maz mby mer mgg mhi mid mij mnc moj mok mop mos mse msh mtp mum mup muy mwb mxg mxu mym nas nbd ngz nht niu nkr nnm nog nom npa nsz nym obg oka oko olu ood ore osm pac pae pal per poh prt pul pur qch qui rad ram rgn rng rnn rus sam say scr sed ser shn shu sin smj smt snh sno sol son squ stl sus svk swa tah tbe tce tga tib tkm tlp tml tna tnj toa toj tpi tsf tua tvo tze tzo tzt udh ukr uzb ved wol xoo yak yap yar yav yct ygr ykp ylb zai zaj zam zfl zun zzo,228,76475,0.0029813664
85A,Order of Adposition and Noun Phrase,,85,Matthew S. Dryer. 2013. Order of Adposition and Noun Phrase. In: Dryer; Matthew S. & Haspelmath; Martin (eds.) 2013. The World Atlas of Language Structures Online. Leipzig: Max Planck Institute for Evolutionary Anthropology. (Available online at https://wals.info/chapter/85),1,aar aba abk acg acn aco adg adi adk adn ady agm ain ajg akh ala aly amb amc ame amk amp amt ana ang ao api apl apt apu ara arc arm arw asu atk ava avo awe awp awt aym baa bac bae bam bao baw bbf bej bgs bho bil bin bkb ble bln blt blx boa boj bok bon brh bri brm brs bry bsk bsq bti bua bur bus but bya bzi cah cai cam car cas cav cbo cct cde chc che chg chi chk chn chp chs chv cln cmh cmn cmr cnl cnm coc coo cor cti ctm ctw cub cup dag dan daw dds der des dga dgb dgr dhm die dig dim dji dlm dmi dmk dms dni drg drm dul dun edo eip emb eme emm ene epe ese est eud eve evn ewe fas fin for fqs ful fur gaa gam gan gap gar gav geo ghb gim gjj gln gmw gnn gon grb grj grw gua guj gur gyc hai ham han hay hhu hid hin hix hlp hma ho hop hpd hua hum hun hup hzb iau idn idu ika imo ina ing inn iqu jbt jel jin jms jng joh jpn jug juh jva kaa kab kac kas kbo kbt kch kem ket kew kgy kgz kha khd khl kho khr khw kie kim kir kiw kje kkp kkq kku kll klm klq klr kma kmb kmh kmk kmn kmo kms kmw kmz knb knc knd kng knm knn knr knz koa kob kok kol kop kor kpo krc krh krj krk krn kry ksa kse kti kty kum kun kus kuv kwb kwo kws kwt kxo kyk kyn kyr kyz kzy lad lah lai lak lal lar lav ldu lep lez lgt lho lis lkt llm lmn lot lug lui lun mab mac mad mag mai maj man mar maw max mbo mcc mde mdl mdn mei mek mey mgg mgh mgi mhi mik mis miz mka mke mkg mkj mkl mku mme mnc mnm mno mns mnv moe mom mou mpr mpt mqf mrd mrh mri mru msg msn mtu mun muu myr mzn nab nad nag nam nar nas nat nav nbd nbr ndj nep nev new ngg ngk nis niv nkn nnd nnk noc nph nti ntj ntu nwd nyi nze oks omi orh ork oro orw ory osa oss owi pae pan pau paw pdp pis pit pmn pnx pra prh prk psh pso ptt ptw pum pun puq qaf qaw qhu qia qim ram raw rem res ret rik rum run rut ryu sar sav sba sdw sel sem ser shb she shh shi shk shy sid skk sko skw sla slb sle slp sme smn sna sng snh snm sno snt sor src srn sro sta stl sue sup sus svs syu tac tak tam tar tau tbl tbt tbu tbx tce tel tgl thd thn thu tir tja tkl tkm tlf tli tls tml tmo tnc tny ton tou tpn tps trb trm tru trw tsf tsm tsr tsz tte tts ttu tul tun tur tuv tuy tvo tvt uby udh udm una ung urd urk urn usa ute vai wah wai wal wao was wat way wbn wir wme wna wor wra wrd wry wsk wtm xas xav xns yag yah yal yaq yar ycn yei yel ygr yi yim yiw yko ykt ylm yqy ytu yuc zag zar zaz zch zun,577,76475,0.007544949
90A,Order of Relative Clause and Noun,,90,Matthew S. Dryer. 2013. Order of Relative Clause and Noun. In: Dryer; Matthew S. & Haspelmath; Martin (eds.) 2013. The World Atlas of Language Structures Online. Leipzig: Max Planck Institute for Evolutionary Anthropology. (Available online at https://wals.info/chapter/90),2,abk acn ain akh ala amb amh ami apt asm ath awa awt bai bel blt bod brl brm bsk bsq bur chc che chh chn chs chv cml cnt cpn cpy dgr dhi dhm dig dms drg eip eve evn gal gam gar gur gyc hak han hay hhu ho hpd hua hum hzb ijo ing jng jpn kab kem kgy kha khd khg kho khw kkp kku kmh kmk kol kor koy krc kty kuv kwo kwt lah lez lim lis lmn mei mgg mhi mnd mne mns mru msg mun mym new ngt niv nma nmm noc nph nwd prk pum qaf qhu qia qim raw rum sar sid skk sng svs tam tel tgl tgr thu tib tkm tli tml tmo tsf ttu tur tvo uby una urn uyg uzb yal yar ygr yko ykt zay,141,76475,0.0018437398
144L,The Position of Negative Morphemes in SOV Languages,,144,Matthew S. Dryer. 2013. Position of Negative Morpheme With Respect to Subject; Object; and Verb. In: Dryer; Matthew S. & Haspelmath; Martin (eds.) 2013. The World Atlas of Language Structures Online. Leipzig: Max Planck Institute for Evolutionary Anthropology. (Available online at https://wals.info/chapter/144),21,aar bio bsk dms emb god har idu knw mei mii mot mui ngn nis nsn pia ptw sem sin wau wra,23,76475,0.00030075188
97A,Relationship between the Order of Object and Verb and the Order of Adjective and Noun,,97,Matthew S. Dryer. 2013. Relationship between the Order of Object and Verb and the Order of Adjective and Noun. In: Dryer; Matthew S. & Haspelmath; Martin (eds.) 2013. The World Atlas of Language Structures Online. Leipzig: Max Planck Institute for Evolutionary Anthropology. (Available online at https://wals.info/chapter/97),5,abi ace acn aco adn ajg alw amm amt ani any apu arm ata avo bac bbw bej bgn bgo bio bkl blr bnb boj brs btk bua cai cam cav cct chg chs cmh coo cuc dam ddj deg der dgo dhr die din djm djn djr dlm dul dut emm esm fri gah ger ggu gid gim git gmz gnn grg grj gum gwa han hil hup ido ina ite ito izi jam jeb jug kac kan kay kis kkw kla klm kmw knk kpm krj krk kut kws kwt kyr laf lah lai ldu lec les lgt lml lmu lug lui lun mad mak mam mch mcv mei men mik min mir mmn moa moh mos mou mra mrw mss mtt mxx mzh nag nas ney nez ngi ngk ngl ngw nha nhn nke nmm nti nue nug nuu nyr obo oks pau pdp pnn pnx pny pod pok ppi rit rji ruk sal see ser shk snc son swt tac tag tar tic tik tis tiv tja tla tli tot tpn trr tru tus tvt twn tzu uru wan wao wik win wiy wrd wrg wrl wrw yim yin ypk yur ywr zar,198,76475,0.0025890814
36A,The Associative Plural,,36,Michael Daniel; Edith Moravcsik. 2013. The Associative Plural. In: Dryer; Matthew S. & Haspelmath; Martin (eds.) 2013. The World Atlas of Language Structures Online. Leipzig: Max Planck Institute for Evolutionary Anthropology. (Available online at https://wals.info/chapter/36),1,agl ain akn alu ana apl awt bam bdc bel bgv bnd brm bsk cha chk chn chv cmn cri dni eve ewe fma fua gag gar gbb goo hay hix jcr jpn kab kaz kha khk klg kls knr kop kor kpe kro kry kse kty kuq kyn kzy lah lak lda lep lez lim lma lok lug luv mag mak mal mbu mcr mdk mmb mnc mrg mup mym nai nep new nga ngg ngi nia niv nob nwd oss pan pap pol rut san ses snh tar tkl tms tof tpi tur udh udm urk uyg uzb wch yor zul,104,76475,0.0013599215
143E,Preverbal Negative Morphemes,,143,Matthew S. Dryer. 2013. Order of Negative Morpheme and Verb. In: Dryer; Matthew S. & Haspelmath; Martin (eds.) 2013. The World Atlas of Language Structures Online. Leipzig: Max Planck Institute for Evolutionary Anthropology. (Available online at https://wals.info/chapter/143),4,aab aar aba abv acu adi agm aja alk aln aly amc amp amq anc ane ang ani anu apl apt ara arc asm ath ava awe aze azi bag bak bas baw ben bgr big bik bio bir bka ble bln boa boj brh brn brr brs bsk bti bud bum bus but bzi can car cas cay cbo cct cde chp chs chv chw cln cmr cnl cnm coa cpn cqt crp cti ctm cub dds des deu dgo die dig dim dio dms dni duk dum efi ega egn emb epe ese fua ful ga gah gal gar gbs gim giz gla gln gmz god goe gon grw gul gwo har hat hdi hid hix hma hmi hna hpd hum hzb iau idu ige igs ijo ika ing irq irr irx isa iwm jab jar jeb jiv jmo jms jpn juk kaa kab kac kar kas kau kay kbo kel kem ken ker kha khl kho kie kim kkp kkv kmn kmo kmr kmz knd kng knm knr knw koa kob kok kol koy kpw krc krh kri krn krr kta kti kun kus kuv kwz kxo kyl kyp kyr laa lab lag lai lav lec lel lew lez lgt lin lkt lmg lmh lmn lon lug mab mac mad map mas may mba mbm mbr mby mda mdg mdo mdw mea mee meh mei mek mgu mhi mhl mig mii mik mis miz mkh mki mlg mlu mmb mnc mne mor mot mou mpt mpu mrg mrs msc msg msl msm mtb mts mui myg mym mzc nas nbd nbm ndt nep ngl ngm ngn ngz nis niv nku nma nmb nnk noc noo nrg nsn ntj nua nup nza nze olo omh ong osa oya pae pat paw pec pia pit pme pod pog prh prk psj ptw qaw rao ret rit ron rsu rum sah san saw sba sdw sel sem sgb shb shh shi shk sht shy sia sin sio skk sla sme smn snm sro sug syu tab tan tao tba tbu tel tir tiv tlo tma tml tne ton tpr tpt trb tru tsf tsz tul tun tur tuv tuy udm uld urk urn uyg uzb wai wao wap was wau wbn wec wly wma wna wom wra wrm xav yam yar ykt ypk yrm yrr yul zag zan zay,390,76475,0.005099706
26A,Prefixing vs. Suffixing in Inflectional Morphology,,26,Matthew S. Dryer. 2013. Prefixing vs. Suffixing in Inflectional Morphology. In: Dryer; Matthew S. & Haspelmath; Martin (eds.) 2013. The World Atlas of Language Structures Online. Leipzig: Max Planck Institute for Evolutionary Anthropology. (Available online at https://wals.info/chapter/26),2,aar abi abn acu adn agc agt ala alb ale alw aly amc ame amn amp ams ana ang apt arc arm arw asm ass ath ava awa awe awp aym aze azi baa bam bco bho bii bio bkb bkr bln blr blt bmb bmr bnj bnr bnu bod brh bri brm brn brs bsk bul bun but bya cas cax cay cbo chc chv cmh cmn cmy coc cos cpy crn crp ctm cub dag dds des deu dgr dhr dhw did dig dim diy dja dji djm djn djp djr dlm dmk dms dni dom doy dsh dut dyi eip emb ene eng epe est eve evn fas fin for fre gah gal gar gbb ger ggu gim gln gon grb grk grr grw gud gug guu hai hal hay hin hmi ho hop hpd hum hun hzb ice ik ind ing inn irq irx ita ite jaq jeb jiv jms jpn kac kar kay kbu kem ken ker kew kgz kha khg khi khl kho kkp kku klm kmb kmk kmn kmo kms knc knd kni knk knn knr kob kok kol kop kor koy krc krj krn krw kta kty kuv kwo kws kwt kwz kya kyk laa lac lad lel lez lho lim lit lmg lmn lui mac mai maj map mbr mby mde mdm mee mgg mgu mhi mik mis miy mkh mlg mme mnc mnd mne mno mns mny moe mog moo mot mpt mrt mrw msg msl mss mts mtu mun mut nab nag naj nar nas nbd nca ndt nep new nga ngi ngj ngt ngw ngz nha nis nmb noc nog noo nor nsn ntu nue nyi omi orh ork oss oya paa pae pan paw pdp pkn plk pme pno pol por ppi prh prk psh pso ptw pum pur qaw qhu qim rem rit rom rum rus rwe sav scr sdw shi shk sho sia sid sin siu skp slo slp sna sno snt som spa squ srd sro sta stl sue suk svs swe syu tac tam tbu tel ter tgl thn tml tmo tny trb trm trr tru tsh ttu tun tur tuv tvo twe udi udm uhi ukr una urd urn ute uyg uzb wah wak wam wao wap wat wau wbn wel wem wik win wiy wly wmu wrb wrg wrl wsk yag yal yaq yar yid yin yko ykt yng yok ypk ytu yuk yuw ywl zay,406,76475,0.0053089247
143G,Minor morphological means of signaling negation,,143,Matthew S. Dryer. 2013. Order of Negative Morpheme and Verb. In: Dryer; Matthew S. & Haspelmath; Martin (eds.) 2013. The World Atlas of Language Structures Online. Leipzig: Max Planck Institute for Evolutionary Anthropology. (Available online at https://wals.info/chapter/143),4,aab aar aba abi abk abn abu abv ace acg acl acm aco acu adg adi adz aeg agb agc agd agh agm ain aja ajg akh akn ala alb alk all aln als alw aly amb amc ame amh aml amn amo amp amq amr ams amt amx ana anc ane ang ani anj ann anu any ao aoj apl apt apu apw ara arc arg arj arm aro arp arq arw asm ass asu asy ata ath au ava awa awe awp awt aym aze azi baa bab bac bae baf bag bai baj bak bam bao baq bar bas baw bbf bbl bbu bbw bch bco bdm bej bel ben ber bfg bgn bgo bgr bho bia bid big bii bik bil bio bir biu bka bkr bku bla bln blr blt blx blz bmb bmz bni bnn bnu boa bob bod boi boj bok bol bra bre brf brh bri brl brm brn brp brr brs bsh bsk bsq bti btk bto bua bud bug bul bum bun bur bus but buw buy bvi bwc bya bzi cah cai cak cam can car cas cax cay cba cbo ccm cct cde cea cem cga cha chb chc chd che chg chh chi chj chk chn chp chq chr chs chv chw chx cic ckl cle cln cmh cml cmn cmr cmy cnl cnm cnt coa coc coo cop cos cpl cpn cpy cqt cre crn crp crt cso cti ctl ctm cub cui cup cya cyv cze dag dan dds des deu dga dgb dgo dgr dha dhi dhm dhw did die dig dim din dio diy dja dji djm djn djp dma dmi dmk dms dni dom dre drm dsh dua duk dul dum dun dut dyi ebi efi ega eip eka eko emb eme ene eng eno eny epe erk err ese est eud eve evn ewe fij fin fon fre fua ful fur fut fye ga gaa gae gah gal gap gar gav gbb gbs gds gel geo ger ggu ghr gim gir giz gjj gku gla gln gmw gmz gnb goa god goe gok gon goo grb grf grj grk grr grs grw gua gud gug guh guj gul gur guu gwa gwo gyc hai hak hal ham han har hat hau haw hay hdi heb heh hei hid hil hin hix hlp hlu hma hmi hmo hna hnd hoa hol hop hpd htc hua huc hui hum hun hup hve hya hzb iaa iau iba ice idn ido idu ifm ifu ige ign igs ijo ik ika ila imo ina ind ing inn iqu iri irq irr irx isa ita ite iwm izi jab jak jaq jar jeb jiv jlu jmo jms jng joh jpn juh juk kaa kab kac kad kae kan kar kas kau kay kba kbl kbo kbw kby kch kdw kdz kel kem ken ker ket kew kfe kga kgr kgy kha khd khg khl khm khn kho khr khs kie kik kil kim kin kio kir kiw kkp kkt kkv kla klg kll klm kls klv klw kma kmb kmh kmi kmj kmk kmn kmo kmp kmr kms kmu kmw kmz knb knc knd kng kni knk knm knn knr knw knz koa kob koe koi kok kol kom kon kop kor kos koy kpw krb krc krd kre krh kri krj krk krn kro krr krw kry ksa kse ksg ksn kta ktc kti ktl kty kum kun kuo kus kut kuv kwa kwb kwn kwo kws kwt kwy kwz kxo kya kyl kyp kyq kyr kyz kzy laa lab lac lad lag lah lai lal lan lao lar lat lav lbu lda ldo ldu leb lec leg lel len lep les let lew lez lgi lgt lgu lho lic lim lin lis lit lkt llm lmg lmh lmn lmp lmu lnd lng lon lot lou luc lug lui luo luv ma maa mab mac mad mae mag mai maj mak mal mam man mao map mar mas mau maw may mba mbe mbi mbl mbm mbr mbt mby mcd mch mco mcv mda mde mdg mdl mdm mdn mdo mdw mea mee meh mei mek men mer mga mgg mgi mgk mgu mhi mhl mhu mie mig mii mik min mir mis miy miz mka mkd mke mkg mkh mki mkj mkl mku mkz mlg mlk mlu mmb mme mmn mmv mmw mna mnc mnd mne mni mnm mno mns mnt mny moe mog moh mok mom mon moo mor mos mot mou mov mpa mpo mpt mpu mra mrd mrg mrh mri mrl mro mrq mrr mrs mrt mru mrw msc msg msk msl msm msn msq mss mtb mts mtu mua mug mui mum mun mup mur mus mut mwb mwe mwo mxc mxe mxj mxo mxp mxx myg myi mym mzc nab nad nag nah naj nak nal nam nan nar nas nav nax nbd nbm nbr nca ncm ndb nde ndj ndo ndr ndt ndu ndy neh nep nev new nez nga ngd ngi ngj ngk ngl ngm ngn ngo ngt ngu ngw ngz nha nhh nhm nht nia nif nis niu niv nke nkk nkn nko nku nma nmb nmm nne nnk noc non noo nor nph nrg nse nsg nsn nti ntj nto ntu nua nue nug nun nup nyh nyi nyk nym nyn nyr nyu nza nze obg obo ocu oir oji oks olo omh omi ond one ong ono ood ori ork oro orw osa oss otm otr oya paa pae pai pal pan par pat pau paw pba pec per pga pia pip pis pit pkn pkt plg plh pme pms png pnn pno pnu pod pog poh pol por ppi pra pre prh prk prs psh psj psm pso psw ptt ptw pul pum pun pur pwn qaw qhu qia qim qui qum rag ram rao rap ras raw rem res ret rgc rik rim rit rnd rny rom ron rot rov rpa rru rsu ruk rum run rus rwa rwe sah sak sal sam san sap sar saw sba scr sdw sed see sel sem ser ses sgb sgl sgu shb she shh shi shk shl shm shn shp sht shu shy sia sid sil sin sio sir sis siu skk skm skw sla slb slo sme sml smn sna sng snm snn sno snt so sob sod som son sor spa squ srb src srd sre sro ssa sta sti stl stn sub sud sue sug sul sun sup svs swa swe swt syu tab tac taf tag tah taj tak tal tam tan tao tar tas tau taw tba tbo tbt tbu tbw tbx tce tdr tee tel ten teo tep ter tes tet tgh tgk tgl tgo tgr tha thn tho thu thy tib tid tig tim tin tir tis tiv tiw tja tke tki tkl tla tli tlo tlp tma tml tmm tmn tmo tmr tna tnc tne tng tnn tno tny tob tod tol ton tou toz tpa tpn tpr tpt trb tri trm trr tru tsf tsg tsh tsi tsn tsz tte ttn tts ttu tuk tul tun tur tus tuv tuy tvl twe twn tye tzo tzu uby udh udi udm ukr uld uli una ung urd urk url urn urt uru usa usr ute uyg uzb vai ven vie vnm wag wah wai wak wal wam wao wap war was wat wau way wbn wch wec wed wel wem wic wik win wiy wlf wlm wlw wly wma wme wmu wna woi wol wom wor wra wrb wrd wrg wrk wrl wrm wrn wsk wtm wya xam xar xav xbi xho xns yag yam yao yap yaq yar ybi yei ygr yi yid yim yin yiw yko ykt ylm yng yok yor ypk yqy yrm yrr ytu yuc yuk yul yur yuw ywl ywr zag zai zan zap zar zay zaz zch zpr zqc zqo zqs zul zun zzo,1315,76475,0.017195161
77A,Semantic Distinctions of Evidentiality,,77,Ferdinand de Haan. 2013. Semantic Distinctions of Evidentiality. In: Dryer; Matthew S. & Haspelmath; Martin (eds.) 2013. The World Atlas of Language Structures Online. Leipzig: Max Planck Institute for Evolutionary Anthropology. (Available online at https://wals.info/chapter/77),3,aco adk ain akh amd apl aym brs bul car chc crp diy eve fas gag geo god hai hix hlp hup ika ing jaq jmm kay kew kha khw kje kji klh koa kod ksh kto kyl kzy lad laz leg mak mar mei mgl ngi ntu pme pmn prh prs pso pum qhu qim que ret she sin slr snm squ tar ttu tur tuy twe win ykt,71,76475,0.000928408
33A,Coding of Nominal Plurality,,33,Matthew S. Dryer. 2013. Coding of Nominal Plurality. In: Dryer; Matthew S. & Haspelmath; Martin (eds.) 2013. The World Atlas of Language Structures Online. Leipzig: Max Planck Institute for Evolutionary Anthropology. (Available online at https://wals.info/chapter/33),2,abi abk abn acg aco agt ain alb ale aln amh amx any ao apu ara arc arm arp arw asm ath ava avo awa awe awp awt aym aze azi baa bae bam baq bar bdm bej bgn bho bid big bkb bla bln blt bmz bnu bod bre brh bri brn brs bsk bti bud bul bun bur but bya cah cai cam car cas cax cde chb chc chg chk chn chs chv chx ckl cld cln cmh cmn cmy coc cpy cqt cre crn cro crp ctm cup cze des deu dgb dgo dhr dhw did dji djn dmk dms dom doy drg dsh dut eip emb ene eng est eve evn fin for fre fua ful ga gah gal gam gds geo ger ggu gil gim gmw gnd goa god gon grb grf grk grw gud guh gum guu gyc hai hau hay hdi heb hhu hid hin hlp hma hmi ho hop htc hui hum hun hzb ice idn ign igs ijo ik ina ing inn irq ita ite ito jaq jeb jiv jlu jpn jug jva kab kac kai kbu kdw kem ket kew kfe kgz khg khi khl kho kie kio kir kiw kkp kku kla klw kma kmh kmk kmo kms knd kni knk knn knr knw kob kok kol kop kor koy kpe krc krd kri krk krn krw kry kta kty kum kuv kws kwt kxo kyq lad lah lan lar lat lav ldu lec lel les lez lit lmg lmn lng lug lui lul lun luo ma maa mab mac mag maj man mas mba mbr mcv mde mdn mea mee meh men mer mgh mgq mgu mij miy mkg mkh mkr mlg mme mmi mna mnc mnd mne mno mns mny moe mog mor mos mot mou mpr mpt mrl mrt msl mss mts mtt mui mun mur mut muu myi mzn nab nag naj nan nar nav nbd nbr ndt nep ngi ngj ngm ngz nha nhh nhn nht niv nkb noc nog nor nrg ntu nua oir oji oks olo one ong ord ork oss oya paa pae pan pdp pga pia pip plh plk pme pol por prk prs psh psm pso ptt ptw pur pwn qhu qim ras rem res rgc rit rny rom run rus rut rwe sal sav scr sdw seb sec ser sgb shd shk shl sho shp sht shy sid sil sin siu skp sla slb slo slp smn sna sno so sob som sor spa spi src srd sta stl sug suk sup swe taj tao tar tbu tel ten tep thk thn tic tig tir tiw tkl tlf tli tma tmc tml tnc tny tob ton tou tpt trb trm trr trw tsh tsz tts ttu tul tun tur tuv tvo twn tzo uby udi udm ukr urd urk urn usr ute uyg uzb wak wal wao wap wau wbn wch wel wik wly wra wrd wrk wrl xas xoo yag yam yaq yar ycn yim yin yko ykt yok ypk ytu yuk yuw ywl zay zpr zqc zun,513,76475,0.0067080744
68A,The Perfect,,68,Östen Dahl; Viveka Velupillai. 2013. The Perfect. In: Dryer; Matthew S. & Haspelmath; Martin (eds.) 2013. The World Atlas of Language Structures Online. Leipzig: Max Planck Institute for Evolutionary Anthropology. (Available online at https://wals.info/chapter/68),3,abk akn aly amh arm asm awn aze bar bej ben blc bng brh bsq bul bur but cnt coc cpl cpn eve fin grb grf hin imo jiv kew kha kho kik knd knr krk kro kui lah lai lat lda lez luv mai man mao mne mrg mtg mtu mwe nak nbr ood orh pai pan plg ram rap raw ruk ses sla sup swa tah tem tgr tml toj udm uyg vie wlf ygr zqc zul,80,76475,0.0010460935
38A,Indefinite Articles,,38,Matthew S. Dryer. 2013. Indefinite Articles. In: Dryer; Matthew S. & Haspelmath; Martin (eds.) 2013. The World Atlas of Language Structures Online. Leipzig: Max Planck Institute for Evolutionary Anthropology. (Available online at https://wals.info/chapter/38),5,ace aco aln amb amc amn ana ang any apl apu au awp bar baw bfg bni bod brm bsi bsk bto bum cax cbo chc che chg chk chr chv cle cmr cnl coc cti cup cze dag dhr dlm dmi dni est eud eve evn fij fin gar gln gon grb grw gur hat hin hix hmi hzb iba ika imo ing irq isa ite jab jng kaa kad ket kew kha khg khs kio kis klv kma kmb kmh kmj kmk knc kor krn kro ksg kwn lai lal lao lbu lit lmn lug luv maa mac mbm mhi mik min miz mkj mlu mnm mns mra mro mru msn mun mwo mxc mxp nas ndb ndj ndo ndu ngd ngi ngl ngm nht non nsg nug nun orh orw pae pal pan pau pga pia plk pno pol prh psh pso pul qaf qim raw res ret rus sar scr shk sia sid sla sna sno src srn sro sti stn sul tab tac ten tes thy tiw tkl tna tsh ttu tul tuv tvo tvt ukr uli urd urk war wbn wik wor xar yag yid yim yko yok yor ypk zul,198,76475,0.0025890814
92A,Position of Polar Question Particles,,92,Matthew S. Dryer. 2013. Position of Polar Question Particles. In: Dryer; Matthew S. & Haspelmath; Martin (eds.) 2013. The World Atlas of Language Structures Online. Leipzig: Max Planck Institute for Evolutionary Anthropology. (Available online at https://wals.info/chapter/92),6,aar abk acu adz aga ala alk aml ana ang ano apl apu apw ara arc arg arm arw ass ath azi bae baf bao bco bdm bej bgz bii bik bil biu bla ble bln blt bmb bod brm brn brs bsh bti bum bur cah cai can car cba chc chi chk chv cml cmy coa cpl cpy crp ctl cub cup cze des deu dha die dim din dio diy djm dlm dni dsh dut eip emb ene eng eno epe erk fas fij foe fri ful gae gah gal gar gdb gds geo ger ghb gim gln gmw gmz gnb grj grw guj gum gyc hay hix hmi hoa hpd htc hua hya hzb idu igb ijo ing irq irr ita ito jak jmo jug kab kae kan kay kba kbl kch kem khi kik kis kje kkp klv klw kma kmh kmk kmn kmr kmz knc kni knm knn knr knw koe kok kol kor kqq krc kro kun kuo kuu kws kwz kyk lab lad lan lbu lez lho lin lis lmh lon lot luo mab mac man mao mar mde mdn meh men mer mgg mik mku mlg mna mnc mne mng mni mnm mov mra mrl mrt msc msg msl mts mtt mwo mxc nab nad naj nbd ndi ndj ndr ndy nga ngd ngk ngo ngt ngz nha nht nif nmb nnd nnk noc nor nph nua nyk ora orh osa paa pae pai pal par pau paw pdp pip pme pms poh ppi prk psh pso psw ptt puq qaw qhu qia qui rem rny rom rov ruk run ryu sah sal sar sea ses shl sia sid skw sml smn sna snm spa src sta stl sud sue sul svs swe syu tab taf tai tar tbt tbw tbx tel ten teo thy tid tir tke tml tmo tni tob ton tps tsf tsi tsz tte tun tuy tvl uby udh uli una usa usr uzb vnm wak wao wap war wem wly wma wol wra wrg wrk wrn wtm xbi yal yap yid yko yng yor zag zay zaz zch zqc zzo,355,76475,0.00464204
116A,Polar Questions,,116,Matthew S. Dryer. 2013. Polar Questions. In: Dryer; Matthew S. & Haspelmath; Martin (eds.) 2013. The World Atlas of Language Structures Online. Leipzig: Max Planck Institute for Evolutionary Anthropology. (Available online at https://wals.info/chapter/116),2,aar abk acu aga ana ang apw arc ass ath bao bco bej biu bla bln blt bmb bod brm brn brs bti bur can car cba chc chi chv coa cpy crp cub des deu die dim dni eip emb ene epe fas foe ful gae gah gal gar gdb gds gim gln gmz grw gyc hua hzb idu ijo ing irq ito jug kae kan kem khi kje kkp klw kmh kmk kmn kmr knm knn knr knw koe kok kol kor krc kro kwz kyk lad lez lho lis lot mab mar mdn men mgg mik mnc mne mni msc msg msl mts mtt nbd nga ngt nmb nnd noc nph nyk pae pau paw pdp pme prk pso ptt qaw qhu qia qui rem run ryu sal sia smn sna src sta stl sue syu tbx tel tml tmo tni ton tsf tsz tte tun tuy uby una usr uzb wak wao wap wly wra wtm yal zag zqc,164,76475,0.0021444918
96A,Relationship between the Order of Object and Verb and the Order of Relative Clause and Noun,,96,Matthew S. Dryer. 2013. Relationship between the Order of Object and Verb and the Order of Relative Clause and Noun. In: Dryer; Matthew S. & Haspelmath; Martin (eds.) 2013. The World Atlas of Language Structures Online. Leipzig: Max Planck Institute for Evolutionary Anthropology. (Available online at https://wals.info/chapter/96),1,abk acn ain akh ala amb amh apt asm ath awa awt bel blt bod brl brm bsk bsq bur chc che chh chn chs chv cml cpn cpy dgr dhm dig dms drg eip eve evn gal gam gar gur gyc han hay hhu ho hpd hua hum hzb ijo jng jpn kab kem kgy kha khd khg kho khw kkp kku kmh kmk kol kor koy krc kty kuv kwo kwt lah lez lim lis lmn mei mgg mhi mne mns mru msg mun mym new ngt niv nma nmm noc nph nwd prk qaf qhu qim raw rum sar sid skk sng svs tam tel tgl tgr thu tib tkm tli tml tmo tsf ttu tur tvo uby una urn uyg uzb yal yar ygr yko ykt zay,132,76475,0.0017260542
143F,Postverbal Negative Morphemes,,143,Matthew S. Dryer. 2013. Order of Negative Morpheme and Verb. In: Dryer; Matthew S. & Haspelmath; Martin (eds.) 2013. The World Atlas of Language Structures Online. Leipzig: Max Planck Institute for Evolutionary Anthropology. (Available online at https://wals.info/chapter/143),2,aar abk aco acu adi aeg aly amb amc ame amh amn amp amr amx ana ang ao apl apt apw arc asu ath awe aze azi bel bio bln boa boi boj brh brn brr brs bsk bti but can car cas cay cbo cct cde chi chv cln cmh cml cnm coa cpn cqt crp ctm cub cui dds des deu dha dig dim dio dmi dms dom efi eko emb eme epe eve evn fua ful fur ga gah gal gar gim gln gnb god gon grw gug guh hai har hid hix hmi hpd hum hzb idu ika ina ing irq irx ite izi jeb jiv jms jpn kab kac kas kay kbo kem kha khg khl kio kiw kkp klg kll kma kmb kmn kmo kmr knd knm knr knw koa kob koe kok koy krh kri krk krw kry kta kun kus kuv kwo kwz kyz lad lec lep lez lho lim lng map mar mbl mdn mee mei men mga mhl mii mik mis mki mkz mlg mnc mne mom mot mpt mrs msc msg msl mts mui mwo mym mzc nbd ndb ndt nep ngl ngn nis nke nku nmb noc noo nph nsn ntj omh oro orw oya pae pau pec pia pkt pme prh prk psj psm pso ptw pum ram rao ret rit rum run sar sba sdw sem shh shk sia sin siu skm smn stn sub sug swt syu tan tao tar tba tbt tbu tel thu tig tir tlo tma tml tmn tnc tne ton tpt trm tsf tsh tte tul tun tur tuv tuy uby urn ute uyg uzb vnm wai wao wap was wat wau way wbn wch win wiy wlf wly woi wra wrk wrn yam yar ykt ypk yqy yrm yrr yuk zag zay zch zpr zul zun,307,76475,0.004014384
143A,Order of Negative Morpheme and Verb,,143,Matthew S. Dryer. 2013. Order of Negative Morpheme and Verb. In: Dryer; Matthew S. & Haspelmath; Martin (eds.) 2013. The World Atlas of Language Structures Online. Leipzig: Max Planck Institute for Evolutionary Anthropology. (Available online at https://wals.info/chapter/143),4,aar acu adi aly amc amp ang apl apt arc ath awe aze azi bio bln boa boj brh brn brr brs bsk bti but can car cas cay cbo cct cde chv cln cnm coa cpn cqt crp ctm cub dds des deu dig dim dio dms efi emb epe fua ful ga gah gal gar gim gln god gon grw har hid hix hmi hpd hum hzb idu ika ing irq irx jeb jiv jms jpn kab kac kas kay kbo kem kha khl kkp kmn kmo kmr knd knm knr knw koa kob kok koy krh kri kta kun kus kuv kwz lec lez map mee mei mhl mii mik mis mki mlg mnc mne mot mpt mrs msc msg msl mts mui mym mzc nbd ndt nep ngl ngn nis nku nmb noc noo nsn ntj omh oya pae pec pia pme prh prk psj ptw rao ret rit rum sba sdw sem shh shk sia sin smn sug syu tan tao tba tbu tel tir tlo tma tml tne ton tpt tsf tul tun tur tuv tuy urn uyg uzb wai wao wap was wau wbn wly wra yam yar ykt ypk yrm yrr zag zay,202,76475,0.0026413861
