parameter_id,parameter_name,parameter_description,chapter_id,chapter_citation,value,same_value_language_ids,value_language_count,language_count_total,count_ratio
88A,Order of Demonstrative and Noun,,88,Matthew S. Dryer. 2013. Order of Demonstrative and Noun. In: Dryer; Matthew S. & Haspelmath; Martin (eds.) 2013. The World Atlas of Language Structures Online. Leipzig: Max Planck Institute for Evolutionary Anthropology. (Available online at https://wals.info/chapter/88),2,aab aar aba abu ace acn adg adi adz aeg agb agh agm agt ajg akh akn alk all aln aly ama ame aml amo amp amq amx anc ane ang anj ano ao aoj api aro ata au avk avo awe awi ayw baa bab bag bai baj bak bas baw bbu bch bco bdu bdw bfi bgr bgs bid bik bin bir bka bkr ble blx blz bmb bni bol bra bre brf bri brp bry bse bsh bsi bsq bto bud bug buj bum buu bvi bwc ccm cct cem chh chj chr cic cle cme cnl coe cpl crn cro cso cya dag dan day ddj dds deg dga dgb dgo dha did die dim dio dma dng dni dok don dre dum dun edo efi ega egn eno erk err ewe ewo fas fij foe fon fua fut fye gae gbb gbs gel gim gla gln gmw gmz gnd gnn goa goe gok grb grf gug gul gwa gwo hal ham han hat heb hem hid hmo hna hnd hoa huc hya iaa iau iba ido ifm igb ige ila ind inn iri irq irr isa izi jab jak jar jmo jms juh juk kad kan kar kau kba kbw kch kel ken ker kfe kgr khd khm khn kik kir kis kkv klq klv kmb kmj kmo kmp kmu kmw kmz knc kni knk knm knr knz kob koe kom kon kos kpe kpw kqq krb kro krr kse ksg ksn kta ktc kte ktl ktu kuu kwa kwn kwy kyk kyl kyo laa lab lah lal lan lao lda ldo leb lel len les let lew lgi lgt lgu lho lic lis llm lmh lmp lnd lon lot lou lug luo luv luy mab mad mae maj mar maw may mbe mbi mbl mbm mbr mby mda mde mdg mdo mdw mea mei mey mgo mgq mgu min mka mkj mkq mku mkz mlg mlk mlm mlu mmb mmv mna mng mnm mnt mnz mof mok mon mor mou mpa mpo mpt mpu mrg mrl mro msm msn mtb mud mum mup mus mwo mxc mxe mxj mxo mxy myg myn nab nak nal nam nar nbr ncm ndb nde ndi ndo ndr ndt ndu ndy neh ney ngb ngg ngk ngm ngo ngt ngu ngz nia nif nke nkn nko nnd nne nng non noo nsg ntj nua nue nun nup nus nyi nym nza obg obo olo ora orh ori oro orw ory otr pat pit plg plh pnu poh pok prh psw pul qia rag rap ras rga rny ron rot rov rum run sah sak san sea sed see sem ser ses sgb sgu shn sht sim sio sis sko sku sle slp sml so sob son sre sro sti sud sue sul sun swa tab taf tai tak tat tbo tbt tbu tdr ten teo ter tes tet tgh tgk tgn tgo tha thy tib tid tik tim tin tiv tja tke tlo tlp tmm tmn tmo tmr tna tne tng tnk tno toz tpr trb tri tsi tsk ttd tte ttn tuk tvl uld uli url urt usa vai vie vif vnm wah wal war wat wch wel wlf wma wmu wn woi wol wom wsk wwa xar xbi xoo yal yao yap yay yel yi yim yiw yns yor yul yus zag zai zap zar zya zzo,562,76475,0.0073488066
127A,Reason Clauses,,127,Sonia Cristofaro. 2013. Reason Clauses. In: Dryer; Matthew S. & Haspelmath; Martin (eds.) 2013. The World Atlas of Language Structures Online. Leipzig: Max Planck Institute for Evolutionary Anthropology. (Available online at https://wals.info/chapter/127),1,abu ace ain ame any apu bkr brh bur cha cle cnl dre emb epe ewe fij fua geo ger grk gua hau heb hmo hun ika imo ind jpn juh kan kay kew kfe kho khs klv knr kor krb kro lan lkt lnd mal mao may miy mku mna mnd mok mxc myi ndy nht noo npi nti nun orh otm pai per prh prs san sla sml sng som sup tab tin tiw tpi tru tuk tzu urk vie wam wma wra wrd yaq yim yor,90,76475,0.0011768552
97A,Relationship between the Order of Object and Verb and the Order of Adjective and Noun,,97,Matthew S. Dryer. 2013. Relationship between the Order of Object and Verb and the Order of Adjective and Noun. In: Dryer; Matthew S. & Haspelmath; Martin (eds.) 2013. The World Atlas of Language Structures Online. Leipzig: Max Planck Institute for Evolutionary Anthropology. (Available online at https://wals.info/chapter/97),2,aar abk abn abo abv adg ady agm agt akh aly amc ame amn amp amx ana ang ano ao api apl apt asm atm awi awt awy baa bam baw bdm bdw bgm bin biu bln blx bok bon bri brl brm brp bry bsq bsr bun bus cas cbo cde chb chi cmr cnl cro cti ctm ctw cui cup dag dan daw dds dha dig dim diy dji dms dum dun dyi edo emb eme epe ese fas foe ful fur gan gar gav ghr gln gmw goo grw gug guh guu gyc hai ham har hid hix hlp hma hpd idn ika imo inn irq irx isa jad jbt jin jms jng jrw jva kaa kae kbo kgu kgy khd kie kll klq klw kma kmb kmn kmo kmp kmz knc kng knm kno knr knz koa kob kok kqq krd krh krr kse kta kuu kwb kwz kya kyk kyn kyz lad lal lar lav lep lis lkt lot mab mac man mar maw mbo mde mdl mdn mek mey mii mij mis miz mka mke mkg mkj mku mlk mnm mnv mot mpa mpt mrh mrr mru msc msl msn mts mtu myi myr nab naj nam nar nat nav nbd nbr ndj ngg ngj ngn ngt nkb nku nma nnd nnk noc nph ntj nus nyi nyk nze omh omi orh ori ork oro orw ory osa pae par pia pir pit prh prs pun ral ram rao ras raw rgc rum run rwa sdw sem she shi sia sil skk sko sla slb sme smn sng snm snn snt som spi src srn sro sue sup syu taj tak tao tau taw tba tbl tbt tbu tdi tdr thy tib tkl tlf tma tmo tnc tnn tny ton trb tun tvl uhi una urk urn usa ute vaf vai wag wah wap wbn wed wic wmu wn wna woi wom wra wsk xas xer yal yam yel yi yid yuc zag zaz zun,332,76475,0.004341288
104A,Order of Person Markers on the Verb,,104,Anna Siewierska. 2013. Order of Person Markers on the Verb. In: Dryer; Matthew S. & Haspelmath; Martin (eds.) 2013. The World Atlas of Language Structures Online. Leipzig: Max Planck Institute for Evolutionary Anthropology. (Available online at https://wals.info/chapter/104),3,abk alb ame asm atk baa bsq bur cah cmn cmx cre dag dni fua geo grk hlu hua jak koa kwz lav mac msl mun nas nav nmb nti par pec pur qim qui ret sal sla slp spa squ tap tau tkl tli tna tol ton tpn tsi tun tzu una usa was yel,57,76475,0.0007453416
51A,Position of Case Affixes,,51,Matthew S. Dryer. 2013. Position of Case Affixes. In: Dryer; Matthew S. & Haspelmath; Martin (eds.) 2013. The World Atlas of Language Structures Online. Leipzig: Max Planck Institute for Evolutionary Anthropology. (Available online at https://wals.info/chapter/51),6,ala amb amp ao apu awp awt aym bac bao bin bsq bzi cav cct chg chn cmr coo daw dds des die dig dim dlm dmi dms dun eip eme emm epe fas for fqs ful gar gim gnn hai hay hma hpd ika imo ina inn jpn kew kgy khd khr kll kmw knc knm knr koa krk ksa kwo kwt kyk lot mar mei mey mgg miz mnm mpt msg msn nab nar nat nbd ngg ngk nph oks ory pae pau pdp pit qhu qia res ret sar sdw sem shk skk sko sng snm sro svs tam tar tau tbt tbx tgl tja tmo ton tsf tuc tuy uby wat wbn wir wme wry yal ygr zag,123,76475,0.0016083687
137A,N-M Pronouns,,137,Johanna Nichols; David A. Peterson. 2013. N-M Pronouns. In: Dryer; Matthew S. & Haspelmath; Martin (eds.) 2013. The World Atlas of Language Structures Online. Leipzig: Max Planck Institute for Evolutionary Anthropology. (Available online at https://wals.info/chapter/137),1,abk ace aco aeg ain ala ame amh amp ane apu arp atk awp awt ayw bag bej bel brk brm brr brs bsq bur cha chk chv cin cjo cnl coo cre ctm cyv dag diy diz dji djp dni dyi eng fij fin fre fua fur gbb geo ger goo grk grw gua hai hat hau heb hin hix hmo hua hun hve iau imo ind ing ite jak jiv jpn juh kay ket kew kha kho kiw kmb knd koa kob kor kot kri kro kse kut lan lav lda lez lkt lug luv maa mal mar mau may mdk mei mlk mnd mot mrt mun mxc myi nah nai nar nat nbr nca ngi ngl niv nmb ntj ntu nug nuu ond orh ori oss otm pai pau pme prh prs pur qim qui rap rus sah sal san shs sla snc snm snt spa squ sul swa syu tag tau tib tiw tkl tlf tli tmc tmr ton tpa tru tuk tur tuv tzu uhi usa vie wao wap was wem wgl wic wiy wra wrd wrn wsk yag yim yko yna yor yuc yuk zqc zul zun,194,76475,0.0025367767
100A,Alignment of Verbal Person Marking,,100,Anna Siewierska. 2013. Alignment of Verbal Person Marking. In: Dryer; Matthew S. & Haspelmath; Martin (eds.) 2013. The World Atlas of Language Structures Online. Leipzig: Max Planck Institute for Evolutionary Anthropology. (Available online at https://wals.info/chapter/100),6,ain atk bur chk cku cyv hix hlu kas miz nez ngi ngl pau psj sml tap tir tna trb tsi wam was yaw yel yim yuk,28,76475,0.00036613274
40A,Inclusive/Exclusive Distinction in Verbal Inflection,,40,Michael Cysouw. 2013. Inclusive/Exclusive Distinction in Verbal Inflection. In: Dryer; Matthew S. & Haspelmath; Martin (eds.) 2013. The World Atlas of Language Structures Online. Leipzig: Max Planck Institute for Evolutionary Anthropology. (Available online at https://wals.info/chapter/40),5,ain coo cyv dio eve goo gua hix kio klv knm kro lav mau mku mss mun myi nug ond pms sue tab tiw war wrd yag yuc zqc,30,76475,0.00039228506
137B,M in Second Person Singular,,137,Johanna Nichols; David A. Peterson. 2013. N-M Pronouns. In: Dryer; Matthew S. & Haspelmath; Martin (eds.) 2013. The World Atlas of Language Structures Online. Leipzig: Max Planck Institute for Evolutionary Anthropology. (Available online at https://wals.info/chapter/137),1,ace aco aeg ain ala ame amh amp ane arp atk awp awt bag bej bel brm brr bsq chk chv cjo cnl coo cre ctm cyv dag diy diz dji djp dni dyi eng fin fre fur geo ger goo grk gua hai hat hau heb hin hmo hua hun iau imo ing ite jak juh kay ket kew kha kho kiw kmb koa kob kor kot kri kro kse kut kyq lan lav lda lez lkt maa mal mau may mdk mei mlk mnd mot mrt mxc myi nah nai nar ngi ngl niv nmb ntu nug ond orh ori oss otm pai pau pit prh prs pur qim qui rap rus sah sla snc snm snt spa squ sul swa syu tau tib tiw tli tmc tmr ton tru tuk tur tuv tzu uhi usa wem wgl wic wra wrd wrn yag yko yor yuc yuk zul zun,152,76475,0.0019875776
78A,Coding of Evidentiality,,78,Ferdinand de Haan. 2013. Coding of Evidentiality. In: Dryer; Matthew S. & Haspelmath; Martin (eds.) 2013. The World Atlas of Language Structures Online. Leipzig: Max Planck Institute for Evolutionary Anthropology. (Available online at https://wals.info/chapter/78),1,abi aeg agr agt ala alw ame arp awp baa baw bdk beb bkr bla bre brh brm bse bur can cax chk chr cjo ckl cle cmh cnl crt cso cyv dag die dio djp dre dyi eng ewe fij for fur grb grk gum guu hau heb hin hmi hmo hun igb ign imo ind iri irq ite juh ker ket kfe khl khm kho khs kkv kls klv kmu knm knr kob kol kon kpm krb kro kse kut lak lan lav lep luv mab mac mal mao map mau may mch mku mnd mny mov mrl mse mun mxc mxt mxz nbd ndy nez nhh nko nmp nti nug nya oji orh pem pip plk pms poh ppi qaw ram rap rom rus san say sba sel siu slp snt spa sre sup swa tab tau tha thk til tiw tli tlp tmc tnb toq trg tsm tuk tus tws txj uhi una usa vie wam war wat wch wiy wol wrd wrg wrk wyn yag yid yim yor yuc yuk yur ywl yyg zul zun,181,76475,0.0023667866
13A,Tone,,13,Ian Maddieson. 2013. Tone. In: Dryer; Matthew S. & Haspelmath; Martin (eds.) 2013. The World Atlas of Language Structures Online. Leipzig: Max Planck Institute for Evolutionary Anthropology. (Available online at https://wals.info/chapter/13),1,abk aea aeg aht akw ala alb alw ame amh amp amu ana api apu arb arc arm arp asm ata ava awp aym aze baj bco ben bis bki bkr bma bng brd bre brh brr brw bsk bsq bto bua bul bur byu cah cam car cax cck ccp cha chk chl chu chv cmn cnl coo cre ctl cyv dar ddf der dgr die dio diy djp dni dre dyi eng epe eve evn eya fij fin fre gan gar geo ger goo grk grr grw gua hai haw hba hin hix htc hum hun hup hzb iaa iba ika imo ind ing ird irr irx iva jak jaq jav jeb jeh jpr kab kas kay kch ked ket kfe kgu kgz kha khm khr khs kkn kkv klm klv kly kmp knd kng kob kor kot koy krb krd kry kty kun kut kwa kwk kws kya kzy lad lak lav len lez lkt lui lus mak mal mao map mar mau max may mbb mgg mku mlk mne mog mov mpa mrd mrn mrt mss mtp mun myi nai nap nep new nez nga ngi nhn nht nnc ntu nug nuu oji ood orm pac pae pai pau pit pms pnr poh pol prs psh puk pur qaw qco ram rap rom ror rsc rtk ruk rus sba scs sdh sed sel shi shk shu sml snc snh snm soq sor spa squ srn svs swa tab tac tag tas teh tel tgk tgr tiw toa tol ton tpa tru try tsg tsi tso ttn ttu tug tuk tul tur tuv tza urk usa uzn wam wao wap war wch wdo wic win wiy wlf wma wmu wnt woi wps wra wrd wry yan yap yar yaw ycn yel yes yid yim yko ykt yny ytu yuc yur yus zqc zun,307,76475,0.004014384
10A,Vowel Nasalization,,10,John Hajek. 2013. Vowel Nasalization. In: Dryer; Matthew S. & Haspelmath; Martin (eds.) 2013. The World Atlas of Language Structures Online. Leipzig: Max Planck Institute for Evolutionary Anthropology. (Available online at https://wals.info/chapter/10),2,abi abk aco aeg ain aka ala ame ana ao arm arp asm awp ban bfd bfi bkr blz bma brh brm bsq bsr cah car ccp cha chk cmn coo cre ctm dag dgb dre ebi ega eip eka eng eve fij fin fur fus gad gar geo ger goo grk grw hai hau heb hix hrs hun igb ila imo ind ing iri irq jak jaq jpn kay kem ket kgl kha khm kho khs kis klv kmu knd knm knr kob kon kor krb kro krw ktk kut kwb kwk kyl laa lad lak lam lat lav lez mal mao map mar mau may mdk mei mid mku mnd mnu mrl mrt mss mul myi ndy nez ngi nhn niv nko nti ntj ntu nug oku ong orh pai pau pme pms pod prh prs psm qaw qim ram rap rus sel spa squ sue swa tab tag tbl tha tik tiw tli tru tsi tuk tun tur usa vie wam wch wic wlf wrd xas xoo yaq yem yid yim yko ypk yur zqs zul,180,76475,0.0023537104
128A,Utterance Complement Clauses,,128,Sonia Cristofaro. 2013. Utterance Complement Clauses. In: Dryer; Matthew S. & Haspelmath; Martin (eds.) 2013. The World Atlas of Language Structures Online. Leipzig: Max Planck Institute for Evolutionary Anthropology. (Available online at https://wals.info/chapter/128),1,abu ace aco ain akn ame any apu arp bdc bkr brh brs bsq bur cnl djp dre eng epe err fij geo gim goo grk gum heb hin hix hmo ho hun igb ika ind iri itz jak jpn juh kan kas kay kch kew kho khs kio kmj kmu knr kor lan lim lkt lnd may mei mhi miy mna mnd mxc myi mym nan nbd nbm ndy ngi ngt nht nko noo npi nug nun orb otm pan per pit pms prh prs qhu ram ret rus saw sla sml sup swa tab tag tpi tsh tuk tvl tzu urk ute vai vie war way wma wra yag yaq yor,114,76475,0.0014906832
25B,Zero Marking of A and P Arguments,,25,Johanna Nichols; Balthasar Bickel. 2013. Locus of Marking: Whole-language Typology. In: Dryer; Matthew S. & Haspelmath; Martin (eds.) 2013. The World Atlas of Language Structures Online. Leipzig: Max Planck Institute for Evolutionary Anthropology. (Available online at https://wals.info/chapter/25),2,abk ace aco aeg ain ala amb ame amp ane apu arp asm atk awp awt aym bag bbw bej bel bma brh bri brm brr brs bsq bur cha chk cho chy cin cjo cku cnl coo cre ctm cyv dag diy diz dji djp dni dum dyi eka eng epe eve fij fin fre fur geo ger gku gmz goo grb grk grr grw gua hat hau heb hin hix hua hun hve ice ik ika imo ing jak jiv jpn kay kch ket kew kha kho kim kio kkr kmb knd knm knp knr koa kob kor kri krk kro kui kut lai lan lav lez lkt lug luv mai mal mao map mar mau may mei mis mlk mnd mot mpa mrh mrt mss mun mxc myi nah nar nat nbd nca nep ngi niv nkk nmb nsg ntu nug nuu nyn ond orh ori otm pai pau pip prs pso pur qim qui ram rap rus sah san sdw shk siu sla sml snm spa squ sue swa syu tag tau tgp tib tiw tkl tlf tli tmc ton tru tsh tuk tun tur uhi usa wao war was wch wem wic win wra wrl wrn wry wsk xok yag yaq yes yim yko yli ynk yor ypk yuc yur zqc zul zun,219,76475,0.002863681
18A,Absence of Common Consonants,,18,Ian Maddieson. 2013. Absence of Common Consonants. In: Dryer; Matthew S. & Haspelmath; Martin (eds.) 2013. The World Atlas of Language Structures Online. Leipzig: Max Planck Institute for Evolutionary Anthropology. (Available online at https://wals.info/chapter/18),3,alw amp ant brd brr bua byu cac der din diy djp dyi eka gan gds goo grr haw kay kgu krb kya lan mbb mku mlk mpa mrn mrt myi nug pit pnr wah wam wao war wdo wmu wrd wry yag yel yid yim yny,48,76475,0.0006276561
49A,Number of Cases,,49,Oliver A. Iggesen. 2013. Number of Cases. In: Dryer; Matthew S. & Haspelmath; Martin (eds.) 2013. The World Atlas of Language Structures Online. Leipzig: Max Planck Institute for Evolutionary Anthropology. (Available online at https://wals.info/chapter/49),7,ala arb brm bur coo gar grw hua jpn kha kly mun myi niv qim ram tli udh wam wrd yid yko,23,76475,0.00030075188
38A,Indefinite Articles,,38,Matthew S. Dryer. 2013. Indefinite Articles. In: Dryer; Matthew S. & Haspelmath; Martin (eds.) 2013. The World Atlas of Language Structures Online. Leipzig: Max Planck Institute for Evolutionary Anthropology. (Available online at https://wals.info/chapter/38),4,aar adi aeg ala arg arj asy ata bab bag bbu bco bdu bkr brn brp btk chi cmn cmy coo cpl crn deg dga dgb die doy egn eip epe gae gel gnn goe gok gua hai hnd ice ina ind iri izi jmo kan kfe kla knm kos kse kut kwo lmp mad mal map mar mas may mbi mde mka moo mpt mrg ney ngb noo nti nyu obg oji ond ood per pms psm rwe som sun svs tbu tin tja tpn tsi tuk url vai wch wel xas xho yuc yuw zay,98,76475,0.0012814646
101A,Expression of Pronominal Subjects,,101,Matthew S. Dryer. 2013. Expression of Pronominal Subjects. In: Dryer; Matthew S. & Haspelmath; Martin (eds.) 2013. The World Atlas of Language Structures Online. Leipzig: Max Planck Institute for Evolutionary Anthropology. (Available online at https://wals.info/chapter/101),2,aar abk acg acl aco aeg aga ain aja ala alb all amh amq amr amx ane ang any aoj apl apu apw ara arg arm arp arq arw asm ass asy ath awa awp aym ayr bae bbl bbw bco bej bel bem bfg bgr big bii bik bin bio bir bku bln blx blz bma bnb bob bol bre brf brh brp brr brs bsh bsk bsq bsr bul bum bur cah cai cax cba cct cde che chh chi chk chx cic cld cle cln cmy coo crn cro ctl cub cyv cze dag dds des dhi die dig dim dio dlm dni dom efi eip eko emb eme ene err esm est ewe ewo fua fur ga gaa gah gds gjj gln gmw gmz goo grg grk grw gua gul gyc ham hat hay heh hix hlu hmi hnd hua hun hya ifu ige ik ika ila ina irq isa ita ite ito izi jab jam jmo kab kae kam kan kba kdw kew kfe kga kgr kgz kik kio kkv klv kma kmb kmh kmj kmp kms kmz knd knm kno knr koa kob koe kon krc krd kre krk krr krw ksa kty kwk kwn kwt kwz kyk lan lav lbu lda ldo leg len let lgi lil lim lin lit lkt llm lml luc lul luo luv luy maa mab mac maj map mar mau mbl mbo mbt mby mcc mcv mdn mea mee meh mir mkd mki mku mlu mme mmw mna mne mnm mns moe moh mou mpr mpt mpu mra mrl mro msc msl mss mtb mua myi mzh nab nag naj nan nav nbd ndb ndj nez nga ngo nhh nhm nhn nht nko nmb nnd nse nti ntu nua nue nug nwd nym nyn nyu obg obo ocu olo ond orh oro osa otm pai pan pau pga pkn pkt plh pms pog por pra pre prs pwn qim qum ram rem rim rny rru ruk run rut sak san sar scr ser sgb sgl sgu shm shu sid sio siu skm skp sla slb slo sml so sob spa squ srb src sro stn sul swa taj tar tau tbw ten tep tes tet tgh tgn tgr tiw tja tki tkl tkm tli tlo tmc tmr tna tnc tob ton toz tps trb trr tsk tsz tte tuk tun tur tus tuv tvo uby udm uld una ura urk urn usa usr uzb ven wai wal was way wic wiy wma wrd wrk wrm wrw wry wya yal yao yar yel ygr yim yko ypk yuc yur ywl zai zap zay zqc zul,437,76475,0.0057142857
6A,Uvular Consonants,,6,Ian Maddieson. 2013. Uvular Consonants. In: Dryer; Matthew S. & Haspelmath; Martin (eds.) 2013. The World Atlas of Language Structures Online. Leipzig: Max Planck Institute for Evolutionary Anthropology. (Available online at https://wals.info/chapter/6),1,abm ach aco adk adz agh aik ain aiz akn akw ala alb ald alw amc ame amh amo amp amu amz ana anc ant ao api apu arb arp asm awp aze bag bai baj bam baw bbf bee bej ben ber bet bir bis bki bkr bng bno bod bra brb brd bre brh bri brm brr brw bsq bto bua bul byu cac cad cam car cax cay cck ccp cha che chp chq chu chv chw cil cle cmn cnl cnt cof cre cso cti ctl cub cve cyv dad dag dah dan dar der det dgb dgr din dio diy diz djp dni dnw doy dre dts dum dyi efi eja eka eng epe eve evn ewe ewo fas fef fij fin ful fur fuz fye ga gan gar gbb gds ghb gmb goa goo grb grk grr gua gwa had hak hau haw hin hix hok htc hum hun hve iaa iba igb ign igs ijo ik ika imo ind ird irr irx iso ito iva iwm jav jeb jeh jiv jng jom jpr juh kad kas kay kch ked kef ker kew kfe kgi kgu kha khm kho khr khs kio kiw kkn kkv kla klv kly kmu knd kng knk knm knr koa kob koh koi kom kor kot koy kpa kpe krb krk kro kse ksg kss ktk kty kul kun kwa kwo kws kya kyl kzy lad lam lan lat lav len lep lit lkk lkt llm lu lua lug luo luv maa mab mal mao map mau max may maz mba mbb mbm mei mie mku mla mlk mme mnc mnd mne mor mov mpa mrd mrg mrl mrn mro mrt mss mtp mui mum mun mxc mxm mya myi mzc nai nan nar nas nav nbk ndt ndy nep new nga ngi ngz nhn nht nim nis nko nkt nmb nnc nob non nor nti ntu nug nun nyg nyi oca ogb oji ond ood orh otm pac pae pau paw pec phl pit pms pnr poa poh pol prh psm puk pur qaw ram rap res rom ror rsc rtk ruk rus sab san sba scs sdh sdw seb sed sha shi shk shs sin sla slp sml snc snd snh snm snt soq sor spa sre srn sue sup svs swa tab tac tag tam tas tel ter tgk tgr tha tib tic tiw tks tlp tma tmn tmp tne toa tok tol ton tru try tsg tso ttn tuk tul tun tur tuv twn tza umb una urk usa vie wah wam wao wap war wdo wic wiy wlf wma wmu wnt woi wps wra wrd wrs wry wuc yag yan yap yaq yar yaw yay ycn yct yel yes yey ygr yid yim ykt yny yor yuc yul yur zan zqc zul zun,470,76475,0.006145799
9A,The Velar Nasal,,9,Gregory D.S. Anderson. 2013. The Velar Nasal. In: Dryer; Matthew S. & Haspelmath; Martin (eds.) 2013. The World Atlas of Language Structures Online. Leipzig: Max Planck Institute for Evolutionary Anthropology. (Available online at https://wals.info/chapter/9),1,akb akc akk ale alu apk bag bam bao baw bkr bnj brm ccm cha chk chr ckh cla cle cnl cnt csc dio dol dre eip ena ene ese eve evn ewe fij frd fur fut gav ghr gll goo grb hal ham igb ind irq ite jmo jur kat kay khg khs kmp kmu knm knr koo krb krh kro krq kry kse ksi kyl lad lah lan lav lep lha lim lon lui lum luv mal mao map mau mdr mei mrt muo myi nab nai neg nga ngi niv nnk ntu nug nyk oks ong orc ork oro pai pat pit pms ptt ram rap sae sch sed sgs sml soo spi sre sti sul sup swa tab tag tbr tha thd tid tiw tmr tni tod tuk udh ulc vai vie wam was wik wrd yid yim yko ymd ypk zno,147,76475,0.0019221968
75A,Epistemic Possibility,,75,Johan van der Auwera; Andreas Ammann. 2013. Epistemic Possibility. In: Dryer; Matthew S. & Haspelmath; Martin (eds.) 2013. The World Atlas of Language Structures Online. Leipzig: Max Planck Institute for Evolutionary Anthropology. (Available online at https://wals.info/chapter/75),3,ain akn ame arm aym bab bal bej bkr brm brs bto cah cha chk cnl cnt coo dre fij geo haw hix hzb ind irq jak jpn juh ker ket kew kha kho khs kmu knr kob kor krb krk kro kty kut lan lav lez lin luv mal mao mie mku mna mrd mrt mun ndy nez ngi nht nko nug otm pau pit prs qaw rap san sla slo smt snm snt so tag teo tgr tin tli tor tvl tvo urk uzb wch wel yid yur,91,76475,0.0011899313
144A,Position of Negative Word With Respect to Subject; Object; and Verb,,144,Matthew S. Dryer. 2013. Position of Negative Morpheme With Respect to Subject; Object; and Verb. In: Dryer; Matthew S. & Haspelmath; Martin (eds.) 2013. The World Atlas of Language Structures Online. Leipzig: Max Planck Institute for Evolutionary Anthropology. (Available online at https://wals.info/chapter/144),13,myi tvl,3,76475,0.000039228507
17A,Rhythm Types,,17,Rob Goedemans; Harry van der Hulst. 2013. Rhythm Types. In: Dryer; Matthew S. & Haspelmath; Martin (eds.) 2013. The World Atlas of Language Structures Online. Leipzig: Max Planck Institute for Evolutionary Anthropology. (Available online at https://wals.info/chapter/17),4,arm atq bgg bho bqi bqs bwa cha die far fre gae gid glp grw hnn hop iri ita jav khm knm koy kra kro lit mlt mym nbd nor pul rap ser wet yap yuc,37,76475,0.00048381824
12A,Syllable Structure,,12,Ian Maddieson. 2013. Syllable Structure. In: Dryer; Matthew S. & Haspelmath; Martin (eds.) 2013. The World Atlas of Language Structures Online. Leipzig: Max Planck Institute for Evolutionary Anthropology. (Available online at https://wals.info/chapter/12),2,aco agh aik ain akn akw ald ame amh amo amp amu ani ant ao arb arp asm awn aym aze bag bai baj baw bee ber bet bir bis bkr bng bod brm byu cac cad car cax cck cha che chp cil cle cmn cnt cre cti ctl dad dag dan dar ddf der det dgb din diy dni dnw don dre dyi efi eja epe eve ewe ewo fef fin fur fuz fye ga gan gar gbb gds gla gmb goo grr grw hak hau hix hmo hmr hok htc hve hzb iaa iba igs ika irq irr irx iso ito iva jak jaq jeb jng jom jpn jpr kad kal kay kch ked kef ker kfe kgu kho khr kio kkv klv kmp kng knk knm knr koa kob kom kor kpe krb kro ksg kss kty kul kun kwo kya kyl lah lan lav len lkk lu lua lug luo maa mal map max mbb mei mgg mla mnd mne mrd mrl mro mrt mss mum mun mya mzc nai nan nar nav ndt ndy new nga ngi ngz nhn nht nko nnc nob nug nyg nyi ogb orh pac pai paw pec phl pit pms pnr poa puk pur ram res ruk sdw sed sha shi shk shs skp sla sml snm som sor spa sui sup tag tam tel ter tgk tgr tha tib tiw tma tmn tok tol ton tru try tsg tur una urk usa vie wah wam war wch win wma wmu wnt woi wps wrs xoo yag yap yaq yaw yay ycn yes yey yid yim yko yny yul yus zul zun,274,76475,0.0035828701
110A,Periphrastic Causative Constructions,,110,Jae Jung Song. 2013. Periphrastic Causative Constructions. In: Dryer; Matthew S. & Haspelmath; Martin (eds.) 2013. The World Atlas of Language Structures Online. Leipzig: Max Planck Institute for Evolutionary Anthropology. (Available online at https://wals.info/chapter/110),2,abk aeg aji arm awn bkr brm bsq cha djr fij fin geo goo grk heb hin ika iri kay knd kol kor krb kro lah lat lep lez lim maa mal mao mhi mrl mrt ngi nht nym ond orh otm pau prh prs ram ret rus shk shn shu src swa tag tib tml tur tzo vai wam war wic wrl yaq yid yuw zul,68,76475,0.0008891795
98A,Alignment of Case Marking of Full Noun Phrases,,98,Bernard Comrie. 2013. Alignment of Case Marking of Full Noun Phrases. In: Dryer; Matthew S. & Haspelmath; Martin (eds.) 2013. The World Atlas of Language Structures Online. Leipzig: Max Planck Institute for Evolutionary Anthropology. (Available online at https://wals.info/chapter/98),1,abi abk aco aeg ain ala ame apu arp asm bag bam bkr car cea cha cle cnl cyv dag dio eka eng ewe fij fre grb hai ham hau hix hmo ind iri jak juh ker ket kfe khm kio klv kmu kob kon krb krk kro kse kut kyl lan lav lkt luv map mau may mku mnd mrd mun mxc nav ndy nht niv nko nti nug otm pms prh psm ram rap san sla squ sup swa tab tag tha tiw tun usa vie war wch wic wra yag yim yor yur zul,98,76475,0.0012814646
144B,Position of negative words relative to beginning and end of clause and with respect to adjacency to verb,,144,Matthew S. Dryer. 2013. Position of Negative Morpheme With Respect to Subject; Object; and Verb. In: Dryer; Matthew S. & Haspelmath; Martin (eds.) 2013. The World Atlas of Language Structures Online. Leipzig: Max Planck Institute for Evolutionary Anthropology. (Available online at https://wals.info/chapter/144),3,acg aeg agc agd ain akh ala alb als ams anj ann any arg arj aro arp asy ata awa awp baa bae bai baq bar bch bco bfg bho bil bkr bmb bni bnn bra brf bsq bto bul bvi cah cea cem cha chc chj chq chr chx ckl cle cmy cnt cos cre crn cso ctl cya dag dga dgb did dji dmk dom doy dre dua dyi ebi eng est eve fij fin fon fut gae gap gds gel geo gmw gnb goa gok goo grf grk guj guu hak hau haw hay heb hei hil hin hlu hmo hoa hop htc huc hun hup iaa idn ifu ign ik ind iri ita izi jak juh kan kch kdz ket kfe khm khs kir kkt kls kmj kmw knc kni knn kom kor kos krb ksn kty kuo kut kwa kyq kzy lah lan lao lgu lic lis maa mae mai mak mal mam mau mcd mch mgg mgi mhu mkj mmn mna mnd mnm mns mok mon mov mpa mrl mro mrt mru msq mun mur mus mut mwb mwo mxc mxj mxo mxp myi nab naj nak nal nar nca ncm ndr ndy neh nga ngu nhh nhm nia nif niu nke nne nsg ntu nug nun nyi oji oks ond ood otm pai pal pan pip pkt plg plh pnn poh pol por pul qui qum rap raw rom rov ruk rus sam sap sed see shl shp shu sid sil sir sis slo sml sna sng so sob som spa squ srd sre ssa sti stl stn sun taf tag tah tak tam tau tbo tbt tee tgk tha tho thu thy tim tin tiw tke tli tmm tmr tng tpn tri trm tsg tsk ttn ttu tuk tus tvl tzo tzu udh ukr uli una urd url urt usa vie wag wak wal war wch wel wem wlf wol wrb wrd wrk wsk wya xar xbi yag yap yid yin yng yok yor yur zai zqc zqo zqs zzo,339,76475,0.004432821
29A,Syncretism in Verbal Person/Number Marking,,29,Matthew Baerman; Dunstan Brown. 2013. Syncretism in Verbal Person/Number Marking. In: Dryer; Matthew S. & Haspelmath; Martin (eds.) 2013. The World Atlas of Language Structures Online. Leipzig: Max Planck Institute for Evolutionary Anthropology. (Available online at https://wals.info/chapter/29),3,abk aco ain ala apu arm arp asm baw bkr bma brh brs bsq cah ccp cha coo cre eve fin fur geo goo grb grk grw gua hmi hun hzb ing jak klv knr koa kro kut lkt mab mal map mar mau may mku mss mun mxc myi nav nez nht ond pai pau pms prs psm qim rus san sla squ tab tli tsi tuk tun tur una urk wam wch wic wrd ypk yuc yur zqc,81,76475,0.0010591696
118A,Predicative Adjectives,,118,Leon Stassen. 2013. Predicative Adjectives. In: Dryer; Matthew S. & Haspelmath; Martin (eds.) 2013. The World Atlas of Language Structures Online. Leipzig: Max Planck Institute for Evolutionary Anthropology. (Available online at https://wals.info/chapter/118),3,acl acm akn ala arc arp bab bam bar bej bln bri brj brs bui cah che cil cmh cop cso dab dgb diz dmi dua ewe frd gbb gol grn grw gud hmr hui igb irq iwa jpn kbl kho khs kku knm knr kor kpe ksm lad lda lep lnd luo maa mao map mau maw mbt mlk mnm moo mrg mtu mun mxp myi nar nbh ndi ngl nht nko nue nup orh otm pms pop pwn rti shl shn som sor sup swa tah tbu tep tne tsh tup vai wch wic wrp yim zai zan zar zul,103,76475,0.0013468454
126A,'When' Clauses,,126,Sonia Cristofaro. 2013. 'When' Clauses. In: Dryer; Matthew S. & Haspelmath; Martin (eds.) 2013. The World Atlas of Language Structures Online. Leipzig: Max Planck Institute for Evolutionary Anthropology. (Available online at https://wals.info/chapter/126),1,abu ace aco ain any apu bdc bkr brh cah cha cle cnl djp dre emb epe err ewe fij grb grk gua gum heb hun imo ind juh kan kay kew kfe kho khs klv knr kob kor krb kro lan lkt lnd mal mau may miy mna mnd mok mxc ndy nht npi nti nun orh otm pai pau per pms prh prs pso rap san sla sml sng som tab tin tiw tpi tzu urk vie wam wma yaq yor,84,76475,0.0010983981
84A,Order of Object; Oblique; and Verb,,84,Matthew S. Dryer (Orin D. Gensler). 2013. Order of Object; Oblique; and Verb. In: Dryer; Matthew S. & Haspelmath; Martin (eds.) 2013. The World Atlas of Language Structures Online. Leipzig: Max Planck Institute for Evolutionary Anthropology. (Available online at https://wals.info/chapter/84),5,apl bam bbw bri brp bus cde diy djp dum epe gmw hix isa kaa kma koa krr kse kya man maw mde mek mka mkg mpa naj nbr par slb sme srn sup sus svs tnn tpt vai wna wom xas yid yus,45,76475,0.0005884276
15A,Weight-Sensitive Stress,,15,Rob Goedemans; Harry van der Hulst. 2013. Weight-Sensitive Stress. In: Dryer; Matthew S. & Haspelmath; Martin (eds.) 2013. The World Atlas of Language Structures Online. Leipzig: Max Planck Institute for Evolutionary Anthropology. (Available online at https://wals.info/chapter/15),1,arc atq ava bqi bwa cap dhu dhw eka hop lez lui mak mcs mdm mlk mne mss mwn mym nep nya oss oto ror shk skp tps tsh wam wrg ych yil yin ypk yun,37,76475,0.00048381824
113A,Symmetric and Asymmetric Standard Negation,,113,Matti Miestamo. 2013. Symmetric and Asymmetric Standard Negation. In: Dryer; Matthew S. & Haspelmath; Martin (eds.) 2013. The World Atlas of Language Structures Online. Leipzig: Max Planck Institute for Evolutionary Anthropology. (Available online at https://wals.info/chapter/113),3,abi abk aco ala ame arm arp asm awp baf bag bam baw bco bej bok brh brr bua can chk chl cmn cnt cui dio dni eng ewe gar gbb god gol gua har hau hcr heb hin hve hzb ige ijo imo ina iri jak kab kae kay ker kha kho khs kio knm knr koa koi kor kre kro kse kyl lad lah lar lat lav lez lug luv maa mab mam mau mei miy mnd myi mym nas niv nko nug nyu ond orh otm pae pai pec pit pms psm pso qim ram rap see sml snm so sue sup swa ter tib tiw tkl tli tru tsi tun tur usa uzb wam wao way wch wic wiy yar yko yor yur yus zul,130,76475,0.0016999019
59A,Possessive Classification,,59,Johanna Nichols; Balthasar Bickel. 2013. Possessive Classification. In: Dryer; Matthew S. & Haspelmath; Martin (eds.) 2013. The World Atlas of Language Structures Online. Leipzig: Max Planck Institute for Evolutionary Anthropology. (Available online at https://wals.info/chapter/59),3,brr bur hua juh kri lim mar nkk pms pso siu sla snt syu tru tzu war wch yuc,20,76475,0.00026152338
90A,Order of Relative Clause and Noun,,90,Matthew S. Dryer. 2013. Order of Relative Clause and Noun. In: Dryer; Matthew S. & Haspelmath; Martin (eds.) 2013. The World Atlas of Language Structures Online. Leipzig: Max Planck Institute for Evolutionary Anthropology. (Available online at https://wals.info/chapter/90),1,aar abi abo abu abv ace acg acl adi adz aeg agm ajg alb alk all aly ame aml amo amp amq amr ana anc ang anj anu any aoj apu apw arg arj aro arq arw asy awe baa bab bag baj baq bar bbl bbu bco bej ber bfg bfi bgr bid bii bik bio bir bka bkr bku blr bma bmb bni bob bok bre brf brh brn brp brs bsh bsr btk bto bud bug bul bum bus buu bvi bwc cah cak cav cax ccm cde ceb cem cha chj chp chq chr chw cic cld cle cmh cmn cmy cnm coo cop cor cpl crn cso ctl ctm cub cya cze dag dan day ddj deg des did din dio djm dni dom doy dre dsh duk dut dyi efi egn emb eme eng eno erk err est eud ewe ewo fij fin fon fre fri fua fur fut fye gae gap gbb gel geo ger ghb gmz gnb gnd gok grb grf grk grw gud gul gum gwa hal hat hau haw hdi heb hei hid hix hmo hna hnd hoa hol htc huc hui hup hve hwr hya iaa iau iba ice idn ifu igb ign igs ik ila ind iri irq isa ita izi jab jak jeb jmo juh juk kam kan kar kau kay kbl kbt kbw kch kel ken ker kfe kgr khl khm khs kik kir kis kje kkt klm klr klv klw kma kmj knc kni knk knm knr knz koe kos kpm kpw krb krd kre kri kro krr kse ksg ktc kte ktl kuo kwn kws kwz kyl kyo kyq lab lan lao lat lbu lda leg lel len let lew lgt lgu lit lmg lmh lmp lmu lnd lon lug lui luo luv maa mab mad maj mal mam mao mas mau maw may mbm mbr mby mco mcv mdg mdo mds mea mee meh men mga mgo mgq mgu min miy mkj mlg mlu mmb mmn mna mng mnm mno moa mof mok mos mot mou mpr mpu mrg mrl mro mrq msk msl msm mud mum mup mur mus mut mwo mxc mxe mxo mxp mxy myg myi myn naj nal nan nar nat nbd ncm ndo ndr ndt ndy neh ney nez ngl ngm ngo ngz nhh nhm nht nia nif niu nkn nko nku non noo nor nrg nua nue nug nun nup nza obg obo oji olo ood orh orw otm paa pai pal par pat pau pba per pga pip pkt plg plh pms pno pnx pod poh pol por pre prs psh psw ptt pul pur qum rag rap rny rom ron rot rov rsu run rus rwe sah sak sam san sdw sea sed see ses sgb sgu shb shn sht sio sir sis skr slb sle sml snh so sob som spa src srd sre sro sud sul sun swa swe swt tab taf tag tah tai taj tak tar tat taw tbo tbt tbu tce tee ten teo tep ter tes tgk tgn tha thy tid tim tin tiw tke tla tlp tls tmm tmr tna tne tng tnk tnn tno tny toz tpn tpt trb tri trm tsi tsk ttd ttn tun tvl txj tzu ukr uld uli url urt ute vaf vie vnm wah wak wal war wch wel wic wlf wlo wma wol xbi xho xoo yag yap yaq yor yuc yuk yul zag zai zch zhn zul zzo,579,76475,0.0075711017
58A,Obligatory Possessive Inflection,,58,Balthasar Bickel; Johanna Nichols. 2013. Obligatory Possessive Inflection. In: Dryer; Matthew S. & Haspelmath; Martin (eds.) 2013. The World Atlas of Language Structures Online. Leipzig: Max Planck Institute for Evolutionary Anthropology. (Available online at https://wals.info/chapter/58),2,abk aeg ain ala alw ame amh amp ane apu arm arp awp awt aym baa bag bej bma boa brh brk brm brr bsq buu bzi cha chi chk chy cyv dag dig diy diz djp dre dum dyi eng ewe fij fin fre fua fur gbb geo ger gmz goo grb grk grr grw gua hau heb hin hmo hua hun hve iau ijo ik imo ind ing jak jpn juh kat kay kch ket kew kha khs kim kio kln knd knk knm knp knr knu kob kor kri kro kzy lan lav lda lez lkt lug luv maa mal mao map mar mau may mdk mei mlk mnd mot mpa mrg mrh mrt mss mto mxc myi nah nai nan nar nbd nca ngi nim nkk ntu nug nyn ond orh ori otm pai pau pnr poh prh prs pso qim ram rap rus sah sam san siu sla snm snt spa squ sue sul sup swa syu tag tau taw ter tha tht tib tkl tlf tli ton tru tuk tur tuv uhi vie war was wem wic wra wrl wrn wrs wry wsk yag yaq yes yim yko yli yor yuc yur zqc zul,201,76475,0.00262831
26A,Prefixing vs. Suffixing in Inflectional Morphology,,26,Matthew S. Dryer. 2013. Prefixing vs. Suffixing in Inflectional Morphology. In: Dryer; Matthew S. & Haspelmath; Martin (eds.) 2013. The World Atlas of Language Structures Online. Leipzig: Max Planck Institute for Evolutionary Anthropology. (Available online at https://wals.info/chapter/26),1,abu ace adg agm akh aml anc anu aro ata bai baw bka bkl bvi bwc cem cha chr chs cle cnl cnt din dre duk dun egn ese fij fut goe gok gul hau haw hma hmo hoa htc iaa iba isa jmo jng juh juk kaa kch khm khr khs kim kir kkt kmu kos kse ksg kyl lah lai lal lao lep lgu lmp lnd lou mad mae mak mal man mao mbm mek mie min miz mka mkj mku mmn mng mon mru mum mup mus mxo ndy ngd niu nsg nun nup nze osa pnu pok pul rap raw rot saa sam sed sis skk snm son sti sun tab tag tah teo tgk tha thy tim tin tla tng ttn uli url urt vai vie war wlf wol xar xas xbi yap yor zhn,141,76475,0.0018437398
1A,Consonant Inventories,,1,Ian Maddieson. 2013. Consonant Inventories. In: Dryer; Matthew S. & Haspelmath; Martin (eds.) 2013. The World Atlas of Language Structures Online. Leipzig: Max Planck Institute for Evolutionary Anthropology. (Available online at https://wals.info/chapter/1),2,abi acm adz ala ame arp bai bee bis bki bkr bod brb brd bri bto bua car cax cck chk cso cyv dts epe eve evn fef fin fur gar ghb gmb gua hak hba hix hum ika jiv jpn kay kch ked ket kew kfe kkv kly kmp krk kry kse kss kty kun kwa lan lav len luv mau mnc mne mov mrd mss mxc mxm myi nai ndy nhn nht nis nnc nob nyg nyi oji pec pit pms poa psm ram shk shs sin skp slp sor svs tab tac tag tic tmn tne ton tpa try tsg tso tun urk wah wam war wdo wma wnt woi wps wrd wry yaq ycn yes yor zqc,122,76475,0.0015952926
125A,Purpose Clauses,,125,Sonia Cristofaro. 2013. Purpose Clauses. In: Dryer; Matthew S. & Haspelmath; Martin (eds.) 2013. The World Atlas of Language Structures Online. Leipzig: Max Planck Institute for Evolutionary Anthropology. (Available online at https://wals.info/chapter/125),3,abu ala awp baw bdc brs bsq bur cah djp dni emb epe err eve fre fua gim grb grk grw gum guu ham hau hix ho hun hzb igb ijo ika ing irq ita itz kas kch kew kha khs kio knd knr kob kro lan lav lez lim luv mao map mei mhi miy mok mrt myi mym nbd ngt niv nko noo npi nti nug orh pan per pit prs pur qhu ram rap res ret shk snm spa tag thk tja tml tsh tur tvl tzu ute vai wam wra wrd wrg yag yid yim yko zul,102,76475,0.0013337692
39A,Inclusive/Exclusive Distinction in Independent Pronouns,,39,Michael Cysouw. 2013. Inclusive/Exclusive Distinction in Independent Pronouns. In: Dryer; Matthew S. & Haspelmath; Martin (eds.) 2013. The World Atlas of Language Structures Online. Leipzig: Max Planck Institute for Evolutionary Anthropology. (Available online at https://wals.info/chapter/39),5,abk ain ana bkr bri brs car cha cle cmn coo cre cyv dio dre eve fij gar goo gua hix ind ing juh kay ker kho klv knm kro lad lav mal mao mau mku mnd mrt mss mun myi ngi niv nti nug oix pai pms psm rap snm sue tab tag tiw wam war wic wrd yag yuc zqc,63,76475,0.00082379865
87A,Order of Adjective and Noun,,87,Matthew S. Dryer. 2013. Order of Adjective and Noun. In: Dryer; Matthew S. & Haspelmath; Martin (eds.) 2013. The World Atlas of Language Structures Online. Leipzig: Max Planck Institute for Evolutionary Anthropology. (Available online at https://wals.info/chapter/87),2,aab aar abk abn abo abu abv ace acg acl adg adi ady adz aeg agb agh agm agt ajg akh akn alb alk all aln aly ama amc ame aml amn amo amp amq amr ams amx ana anc ane ang anj ano anu any ao aoj api apl apt apu arg arj aro arq asm asy atm au awe awi awt awy ayi ayo ayw baa bab bae baf bag baj bam baq bar bas baw bbf bbl bch bdm bdu bdw bem ber bfg bfi bgm bid bik bin bir biu bkr bku ble bln blu blx blz bma bni bnk bnn bok bon bra bre brf bri brl brm brn brp brq bry bsh bsi bsq bsr bto bub bud buj bum bun bus buu bvi bwc cai cas cav cax cbo ccm cde cem cga chb chi chq chr chw cic cld cle cme cmr cnl cnm coc cop cor cpl crn cro crp cso cti ctl ctm ctw cui cup cya dag dan daw day ddj dds dga dgb dgo dha did dig dim din dio diy dji djn dma dms don doy dre dua duk dum dun dyi edo ega egn els emb eme emm eno epe erk err ese ewe ewo fas fij foe fon fre fua ful fur fut fye ga gaa gae gan gar gav gel ggu ghr gjj gku gla gln gmw gnd gnn goa goe goo grb grf grr grw gto gua gug guh gul guu guw gwa gyc hai hal ham har hat haw hdi heb heh hem hid hix hlp hma hmo hna hnd hoa hol hpd huc hup hwr hya iba idn ifm igb ige igs ik ika ila imo ina ind inn iqu iri irq irr irx isa ita jab jad jar jbt jel jin jlu jmo jms jng jrw juh juk jva kaa kae kam kar kau kba kbl kbo kbw kby kch kdz kel ker kfe kga kgr kgu kgy khd khm khs kie kik kin kir kis kje kkt kkv kll klq klv klw kma kmb kmi kmj kmn kmo kmp kmu kmw kmz knc kng knm kno knr knz koa kob koe kok kom kon kos kpe kpw kqq krb krd krh kri krk kro krr kse ksg ksn kta ktc kte ktl ktu kuo kuu kwa kwb kwm kwn kwy kwz kya kyk kyl kyn kyo kyz laa lab lad lag lal lan lao lar lav lbu lda ldo leb lel len lep les let lew lgi lgt lgu lic lin lis lkt llm lmb lmg lmh lml lmp lon lot lou luc lug lui luo luv luy maa mab mac mad mae mal man mao mar mas maw may mba mbe mbi mbl mbm mbo mbr mbt mby mda mde mdg mdl mdn mds mdw mea mee meh mek mey mga mgk mgo mgq mgu mhk mhl mie mii mij min mis miy miz mka mkd mke mkg mkj mku mkz mla mlg mlk mlm mlu mmb mmv mmw mna mng mnm mnv moa mof mok mon moo mor mot mou mpa mpo mpr mpt mpu mra mrg mrh mrl mro mrq mrr mrt mru msc msk msl msm msn mtb mts mtu mua mud mum mup mur mwe mwo mxa mxc mxe mxj mxo mxp mxy myi myn myr mzc nab naj nak nal nam nan nar nat nau nav nax nbd nbr ncm ndb nde ndi ndj ndo ndr ndt ndu neh ney ngd ngg ngj ngk ngl ngm ngn ngo ngt ngu ngz nhh nhm nht nia nif niu nkb nkk nkn nko nku nma nnc nnd nng nnk noc non noo nph nrg nse ntj nto nua nue nun nup nus nyh nyi nyk nym nze olo omh omi orh ori ork oro orw ory osa otr pae pai pam par pat pau per pga pia pir pit pkt plg plh plk pms png pnu pnx poh pok por ppi pre prh prs psw pul pum pun pur qia rag ral ram rao rap ras raw rga rgc rny rom rot rov rru rsu rum run rwa saa sah sak sam sap sdw sea seb sed sem sen ses sgb sgu she shi shl shm shn sht sia sil sim sio sis skk sko sku sla slb sle slp sme sml smn sng snm snn snt so sob som spa spi src srd sre srn sro sti sud sue sug sul sun sup swa syu tab taf tah taj tak tao tat tau taw tba tbl tbo tbt tbu tbw tdi tdr ten teo ter tes tgk tgn tgo tha thd thy tia tib tid tik tim tkl tlf tlp tma tmm tmn tmo tmr tna tnc tne tng tnk tnn tno tny ton toz tpr tps trb tri tsg tsk tsm ttd ttn tuk tum tun tvl uhi uld uli una ura urk url urn urt usa ute vaf vai ven vie vif vnm wag wah wal wap wat wbn wch wed wel wic wiy wlf wlo wma wmu wn wna wog woi wol wom wra wrd wrk wrl wrm wsk wth xam xas xbi xer xho xoo yag yal yam yao yap yay yel yi yid yiw yor yrm yuc yul zag zai zap zar zaz zul zun zya zzo,879,76475,0.011493952
95A,Relationship between the Order of Object and Verb and the Order of Adposition and Noun Phrase,,95,Matthew S. Dryer. 2013. Relationship between the Order of Object and Verb and the Order of Adposition and Noun Phrase. In: Dryer; Matthew S. & Haspelmath; Martin (eds.) 2013. The World Atlas of Language Structures Online. Leipzig: Max Planck Institute for Evolutionary Anthropology. (Available online at https://wals.info/chapter/95),1,aar aba abk acn adg ady agm ain akh ala aly amb amc ame amp amt ana ang ao api apl apt arc arw asu atk ava awp awt aym baa bam bao baw bej bho bin bkb bln blt blx boa boj bok bon bri brm brs bry bsk bsq bti bua bur bus but bya bzi cah car cas cbo cct cde chc che chg chi chk chn chp chs chv cln cmn cmr cnl cti ctm ctw cub cup dag dan daw dds der des dgr dhm die dig dim dji dlm dmi dmk dms dni drg drm dul dun edo eip emb eme ene epe ese eud eve evn fas for fqs ful fur gam gan gap gar gav geo ghb gim gln gmw gon grw guj gur gyc hai ham han hay hhu hid hin hix hlp hma ho hop hpd hua hum hzb iau idn idu ika imo inn jbt jin jms jng joh jpn jug jva kaa kab kac kbo kbt kem ket kew kgy kha khd khl kho khr khw kie kim kiw kkp kkq kku kll klq klr kma kmb kmh kmk kmn kmo kms kmz knb knc knd kng knm knn knr knz koa kob kok kol kop kor krc krh krn kry ksa kse kti kty kum kun kus kuv kwb kwo kwt kxo kyk kyn kyr kyz lad lah lai lak lal lar lav lep lez lho lis lkt lmn lot lun mab mac mag mai man mar maw max mbo mde mdl mdn mei mek mey mgg mgh mgi mhi mik mis miz mka mke mkg mkj mkl mku mme mnc mnm mno mns mnv mom mpt mqf mrd mrh mri mru msg msn mtu mun muu myr nab nad nag nam nar nas nat nav nbd nbr ndj nep nev new ngg nis niv nnd nnk noc nph ntj ntu nwd nyi nze oks omi orh ork oro orw ory osa oss owi pae pan paw pdp pis pit pmn pra prh prk psh pso ptt ptw pun qaf qaw qhu qim ram raw rem res ret rik rum run rut ryu sar sav sdw sel sem ser shb she shh shi shk sid skk sko skw sla slb sme smn sna sng snh snm snt src srn sro sta stl sue sup sus svs syu tac tak tam tar tau tbl tbt tbu tce tel tgl thn thu tir tja tkl tkm tlf tli tls tml tmo tnc tny ton tou trb trw tsf tsz tte ttu tuc tul tun tur tuv tuy tvo tvt uby udh udm una urd urk urn usa ute vai wah wai wao was way wbn wme wna wra wsk wtm xas xns yah yal yaq yar yei yel ygr yi yim yko ykt ylm yqy ytu yuc zag zaz zun,472,76475,0.0061719515
94A,Order of Adverbial Subordinator and Clause,,94,Matthew S. Dryer. 2013. Order of Adverbial Subordinator and Clause. In: Dryer; Matthew S. & Haspelmath; Martin (eds.) 2013. The World Atlas of Language Structures Online. Leipzig: Max Planck Institute for Evolutionary Anthropology. (Available online at https://wals.info/chapter/94),1,abi ace acl aco adn aeg alb alk all aln alw aml amo amr ams ani apu arg arj arm arq arw asy ata au ayw bag baj bak baq bar bbw bdu bfg bho bik bir bka bkl bkr bma bnr bnu bre brf bsh bsk btk bto bug bul bum bvi bwc ccm cem cha chk chq chr chw chx cic ckl cle cmy coo cop cpl crn cso cya cyv cze dhr did din dio djp dom dre dsh duk dut efi eng eno erk est ewe ewo fij fin fre fua fut fye ga gae geo ger ggu gmw gok grf grk grr gud guj gwa hal hau haw heb hin hmo hna hnd hoa htc hun hve iaa iba ifm ifu igb ind iri ita ite izi jak jmo juh kam kan kau kch ker kfe khl khm khs kik kil kir kis kkt kkv klm kls klv kmj knk kno koe kos krb krd kro krr kry kse ksn kty kut kwn kwy kya laa lac lao lat lbu lda lel len lgu lit llm lmb lmg lmh lmp lnd lon lou luv maa mag mai mal mam man mao mau may mbm mbr mbt mco mcv mde mds mea mee meh mek men mer mga mgu min miy mka mkg mlg mlu mmn mng mog moh mok mon mov mra mrg mro mrq msq mup mus mut mwb mxc mxj mxo mxp myg myi mzh naj nan nav nca ndo ndt ndy nez ngd ngm ngo nhh nhm nht nia niu nke nkn non noo nor nsg nua nue nyi obo ocu oji olo ond orh otm paa pai pal pan par pat pip pkt plg plh pms pnn poh pol prs psh psm pul qui rap rny rom rot rov rsu rus rwe sah sak sam san sar scr sdw shl shn sim sio siu som son spa squ srb srd sti sud sue sul sun sup sus swa swe swt tab tag tah taj tao tbo tbt tee ten teo tep ter tes tgh tgk tha thy tic tim tin tiw tla tlo tna tne tng tnn tno tob tou tri tsi tsk ttn tuk tvo txj tzo tzu udi ukr uld urd uzb vai vie vnm wal war wch wel wic wik wlf wlo wma wme wol xas yap yay yns yor yur zai zqo zul zzo,398,76475,0.0052043153
102A,Verbal Person Marking,,102,Anna Siewierska. 2013. Verbal Person Marking. In: Dryer; Matthew S. & Haspelmath; Martin (eds.) 2013. The World Atlas of Language Structures Online. Leipzig: Max Planck Institute for Evolutionary Anthropology. (Available online at https://wals.info/chapter/102),5,abi abk ace acm aco aeg ain ala alb ame amh amu ane apu ara arp asm atk au aym baa bag baw bej ber bln bma brr bsq bur cah can car cax cba cbo chk cku cmn cmx coo cor cre cyv dag dio dni doy eka err ewe fij fua geo gmw goo grk grw gua ham hix hlu hua hun ika jak jaq kas ket kfe kjo kkv klv knm knr koa kom kon kos kpm krb krd krk ktl kut kws kwz lan lav lel lim lkt lrk luv mab mac mak map mar mau mby miz mku mlk mna moa moh mrd mrl msl msn mss mun myi nan nas nav ndo nez ngi ngk ngl nht nko nmb nti nug nyu ond oss otm pal par pec pip pit pms prh prs psj psm pur qim qui ret sah sal siu sla slp snt spa squ swa tap tau taw tiw tja tkl tli tna tol ton tot tpn tsi tuk tun tzu uma una ura usa wam war was wch wic wrd wrk yag yel yim ypk yuc yuk yur zan zqc zsq zul,193,76475,0.0025237005
33A,Coding of Nominal Plurality,,33,Matthew S. Dryer. 2013. Coding of Nominal Plurality. In: Dryer; Matthew S. & Haspelmath; Martin (eds.) 2013. The World Atlas of Language Structures Online. Leipzig: Max Planck Institute for Evolutionary Anthropology. (Available online at https://wals.info/chapter/33),5,bkr djr ind kya lmh oro sun,8,76475,0.00010460935
37A,Definite Articles,,37,Matthew S. Dryer. 2013. Definite Articles. In: Dryer; Matthew S. & Haspelmath; Martin (eds.) 2013. The World Atlas of Language Structures Online. Leipzig: Max Planck Institute for Evolutionary Anthropology. (Available online at https://wals.info/chapter/37),1,abk adi agb agm ala amh amp amq anu ara aro ata awt bab bag bak bam baq bbf bco bdu bfi bgr bik bir blz bmb bre brf brp bsq bul ccm cem cha cmy coo cop cor crn cso day dds deg dga dgb die dim dre dut egn eng epe ewo fre fri fua fut fye ga gae gel ger gmw gnn goe goo grk gua gul gwa hau haw htc hun hve iaa iri irr ita izi jmo jms juh kan kay kba kch kel ken ker kfe khm knr koa kos kre krk kse kut kwo laa lav lep lgu lkt llm lmg lmp lnd lon lot luo mab mad mae mal mao map mar may mbi mcd mea mis miy mka mof mon mou mpt mrg mrq msg mtb mtu mum mup mus mwb myi nbr nca ndy ney ngz nif nkn nti nyu obg oks ond ood pdp pip pir pms por qia qum ram rap ron rov run rwe sam san ser sir sis skk slb spa squ svs tar taw tbu tee tep tgk tgo tgr tid tim tin tke tla tng tnk tot tsi ttn tvl txj tzu uld url vai vie wch wel wlf wol wrw wsk yap zag zar zay zch zqc zqs,216,76475,0.0028244525
35A,Plurality in Independent Personal Pronouns,,35,Michael Daniel. 2013. Plurality in Independent Personal Pronouns. In: Dryer; Matthew S. & Haspelmath; Martin (eds.) 2013. The World Atlas of Language Structures Online. Leipzig: Max Planck Institute for Evolutionary Anthropology. (Available online at https://wals.info/chapter/35),5,ame arm arp baw bma chp djr dni dre fij fut geo grk hau haw hmi ika juh kay knm knr kos lep lim lin mab mao mau mku mns mok mrt nbr nug pil pms ram rap sam sel spa tin tvl uhi wam ykt,47,76475,0.00061457994
120A,Zero Copula for Predicate Nominals,,120,Leon Stassen. 2013. Zero Copula for Predicate Nominals. In: Dryer; Matthew S. & Haspelmath; Martin (eds.) 2013. The World Atlas of Language Structures Online. Leipzig: Max Planck Institute for Evolutionary Anthropology. (Available online at https://wals.info/chapter/120),2,abm ace acl aeg agm ahu ame amp amr aro arp asm awt baa bag ben bgo bma bod brj brm brr bui car cbo chr cil cmh cnl cop cze dab diy diz dmi dua dyi eka epe eve evn fni for frd gjj gll goa gua gud gum guu heb hix hop hun ik imo ind irq iwa jab jeb kat kew kgu kha khm klv knd knm knr kob kta ktl kty kwa kzy lah lat lda len lit lon luo mac mao mau mbt mie mku mlk mlt mme mng mnm mns mok mou mrg myi nai nak nar nas ndi ngk ngl niu niv ntu ojs orh pau pit plh plr pol pop ptp qcu qim ram rem ret rot rti rus sal sam sed shk shl skp sng snh snm snt som sor sre sro sun tah tas tbu tel tgk tha tiw tla tml tmr tna tng tot tsh tug tuk tup uhi urk usa uzb vie wlo wol wrp wsk yag yaq ygr yid yur yuw,175,76475,0.0022883294
86A,Order of Genitive and Noun,,86,Matthew S. Dryer. 2013. Order of Genitive and Noun. In: Dryer; Matthew S. & Haspelmath; Martin (eds.) 2013. The World Atlas of Language Structures Online. Leipzig: Max Planck Institute for Evolutionary Anthropology. (Available online at https://wals.info/chapter/86),3,abi abn ajg alk ane ann arp au avo bkl bnr bul ckl coo cor cos cze djm djp eng fri gku goo gum guu guw ik ite ito kau kdw kmr krj kun kws kya laf lel les lkt lmh mab mad mak may mbt mcd mcv mkj mlk mlu mmb mmv moa mok mra mrt mss mum mxe myi nas ndy ngl ngn nhm nnd nor nug nyn ocu olo ond one ood pny poh pur scr siu slo som sul tah tic tig wal wol wrd xar ylm yok yuw zag zan,96,76475,0.0012553122
24A,Locus of Marking in Possessive Noun Phrases,,24,Johanna Nichols; Balthasar Bickel. 2013. Locus of Marking in Possessive Noun Phrases. In: Dryer; Matthew S. & Haspelmath; Martin (eds.) 2013. The World Atlas of Language Structures Online. Leipzig: Max Planck Institute for Evolutionary Anthropology. (Available online at https://wals.info/chapter/24),2,ala amb ame amp arp awp awt bbw bej bma brh brm bsq bzi cnl diy djp dyi eng ewe fre fur geo ger goo grb grr hau heb hin hmo ice ik ika ing jel jpn kay kch kew kha kho kim kis kmb knd knm knp knr kor kro lez lug luv mai mao may mei mlk mnd mot mrt mun nah nbd nep ngi ntj ntu nug nyn ori pso pur qim rap rus san shk siu snm spa sue swa tau tha tib ton tru tsh tuk uhi win wrl wry yim zul,98,76475,0.0012814646
28A,Case Syncretism,,28,Matthew Baerman; Dunstan Brown. 2013. Case Syncretism. In: Dryer; Matthew S. & Haspelmath; Martin (eds.) 2013. The World Atlas of Language Structures Online. Leipzig: Max Planck Institute for Evolutionary Anthropology. (Available online at https://wals.info/chapter/28),1,abi abk aco aeg ain ala ame apu arp asm awp aym bag bam bej bkr bma bri brm brs car cha cle cnl coo cre cyv dag dio dni dre eka ewe fur goo grb gua hai ham heb hix hmo igb ind irq jak jpn juh ker kew kfe khm kho khs kio klv kmu knm knr kob kon kor krb krk kse kut kyl lan lav lkt luv mab mal mao map mau may mku mnd mrd mun mxc nav ndy nht nko nti otm pms prh prs psm qaw ram rap san sel shk sla snm snt squ sup swa tab tag tha tiw tli tsi tuk tun urk usa vie war wch wic yag yim yuc zul,123,76475,0.0016083687
143G,Minor morphological means of signaling negation,,143,Matthew S. Dryer. 2013. Order of Negative Morpheme and Verb. In: Dryer; Matthew S. & Haspelmath; Martin (eds.) 2013. The World Atlas of Language Structures Online. Leipzig: Max Planck Institute for Evolutionary Anthropology. (Available online at https://wals.info/chapter/143),4,aab aar aba abi abk abn abu abv ace acg acl acm aco acu adg adi adz aeg agb agc agd agh agm ain aja ajg akh akn ala alb alk all aln als alw aly amb amc ame amh aml amn amo amp amq amr ams amt amx ana anc ane ang ani anj ann anu any ao aoj apl apt apu apw ara arc arg arj arm aro arp arq arw asm ass asu asy ata ath au ava awa awe awp awt aym aze azi baa bab bac bae baf bag bai baj bak bam bao baq bar bas baw bbf bbl bbu bbw bch bco bdm bej bel ben ber bfg bgn bgo bgr bho bia bid big bii bik bil bio bir biu bka bkr bku bla bln blr blt blx blz bmb bmz bni bnn bnu boa bob bod boi boj bok bol bra bre brf brh bri brl brm brn brp brr brs bsh bsk bsq bti btk bto bua bud bug bul bum bun bur bus but buw buy bvi bwc bya bzi cah cai cak cam can car cas cax cay cba cbo ccm cct cde cea cem cga cha chb chc chd che chg chh chi chj chk chn chp chq chr chs chv chw chx cic ckl cle cln cmh cml cmn cmr cmy cnl cnm cnt coa coc coo cop cos cpl cpn cpy cqt cre crn crp crt cso cti ctl ctm cub cui cup cya cyv cze dag dan dds des deu dga dgb dgo dgr dha dhi dhm dhw did die dig dim din dio diy dja dji djm djn djp dma dmi dmk dms dni dom dre drm dsh dua duk dul dum dun dut dyi ebi efi ega eip eka eko emb eme ene eng eno eny epe erk err ese est eud eve evn ewe fij fin fon fre fua ful fur fut fye ga gaa gae gah gal gap gar gav gbb gbs gds gel geo ger ggu ghr gim gir giz gjj gku gla gln gmw gmz gnb goa god goe gok gon goo grb grf grj grk grr grs grw gua gud gug guh guj gul gur guu gwa gwo gyc hai hak hal ham han har hat hau haw hay hdi heb heh hei hid hil hin hix hlp hlu hma hmi hmo hna hnd hoa hol hop hpd htc hua huc hui hum hun hup hve hya hzb iaa iau iba ice idn ido idu ifm ifu ige ign igs ijo ik ika ila imo ina ind ing inn iqu iri irq irr irx isa ita ite iwm izi jab jak jaq jar jeb jiv jlu jmo jms jng joh jpn juh juk kaa kab kac kad kae kan kar kas kau kay kba kbl kbo kbw kby kch kdw kdz kel kem ken ker ket kew kfe kga kgr kgy kha khd khg khl khm khn kho khr khs kie kik kil kim kin kio kir kiw kkp kkt kkv kla klg kll klm kls klv klw kma kmb kmh kmi kmj kmk kmn kmo kmp kmr kms kmu kmw kmz knb knc knd kng kni knk knm knn knr knw knz koa kob koe koi kok kol kom kon kop kor kos koy kpw krb krc krd kre krh kri krj krk krn kro krr krw kry ksa kse ksg ksn kta ktc kti ktl kty kum kun kuo kus kut kuv kwa kwb kwn kwo kws kwt kwy kwz kxo kya kyl kyp kyq kyr kyz kzy laa lab lac lad lag lah lai lal lan lao lar lat lav lbu lda ldo ldu leb lec leg lel len lep les let lew lez lgi lgt lgu lho lic lim lin lis lit lkt llm lmg lmh lmn lmp lmu lnd lng lon lot lou luc lug lui luo luv ma maa mab mac mad mae mag mai maj mak mal mam man mao map mar mas mau maw may mba mbe mbi mbl mbm mbr mbt mby mcd mch mco mcv mda mde mdg mdl mdm mdn mdo mdw mea mee meh mei mek men mer mga mgg mgi mgk mgu mhi mhl mhu mie mig mii mik min mir mis miy miz mka mkd mke mkg mkh mki mkj mkl mku mkz mlg mlk mlu mmb mme mmn mmv mmw mna mnc mnd mne mni mnm mno mns mnt mny moe mog moh mok mom mon moo mor mos mot mou mov mpa mpo mpt mpu mra mrd mrg mrh mri mrl mro mrq mrr mrs mrt mru mrw msc msg msk msl msm msn msq mss mtb mts mtu mua mug mui mum mun mup mur mus mut mwb mwe mwo mxc mxe mxj mxo mxp mxx myg myi mym mzc nab nad nag nah naj nak nal nam nan nar nas nav nax nbd nbm nbr nca ncm ndb nde ndj ndo ndr ndt ndu ndy neh nep nev new nez nga ngd ngi ngj ngk ngl ngm ngn ngo ngt ngu ngw ngz nha nhh nhm nht nia nif nis niu niv nke nkk nkn nko nku nma nmb nmm nne nnk noc non noo nor nph nrg nse nsg nsn nti ntj nto ntu nua nue nug nun nup nyh nyi nyk nym nyn nyr nyu nza nze obg obo ocu oir oji oks olo omh omi ond one ong ono ood ori ork oro orw osa oss otm otr oya paa pae pai pal pan par pat pau paw pba pec per pga pia pip pis pit pkn pkt plg plh pme pms png pnn pno pnu pod pog poh pol por ppi pra pre prh prk prs psh psj psm pso psw ptt ptw pul pum pun pur pwn qaw qhu qia qim qui qum rag ram rao rap ras raw rem res ret rgc rik rim rit rnd rny rom ron rot rov rpa rru rsu ruk rum run rus rwa rwe sah sak sal sam san sap sar saw sba scr sdw sed see sel sem ser ses sgb sgl sgu shb she shh shi shk shl shm shn shp sht shu shy sia sid sil sin sio sir sis siu skk skm skw sla slb slo sme sml smn sna sng snm snn sno snt so sob sod som son sor spa squ srb src srd sre sro ssa sta sti stl stn sub sud sue sug sul sun sup svs swa swe swt syu tab tac taf tag tah taj tak tal tam tan tao tar tas tau taw tba tbo tbt tbu tbw tbx tce tdr tee tel ten teo tep ter tes tet tgh tgk tgl tgo tgr tha thn tho thu thy tib tid tig tim tin tir tis tiv tiw tja tke tki tkl tla tli tlo tlp tma tml tmm tmn tmo tmr tna tnc tne tng tnn tno tny tob tod tol ton tou toz tpa tpn tpr tpt trb tri trm trr tru tsf tsg tsh tsi tsn tsz tte ttn tts ttu tuc tuk tul tun tur tus tuv tuy tvl twe twn tye tzo tzu uby udh udi udm ukr uld uli una urd urk url urn urt uru usa usr ute uyg uzb vai ven vie vnm wag wah wai wak wal wam wao wap war was wat wau way wbn wch wec wed wel wem wic wik win wiy wlf wlm wlw wly wma wme wmu wna woi wol wom wor wra wrb wrd wrg wrk wrl wrm wrn wsk wtm wya xam xar xav xbi xho xns yag yam yao yap yaq yar ybi yei ygr yi yid yim yin yiw yko ykt ylm yng yok yor ypk yqy yrm yrr ytu yuc yuk yul yur yuw ywl ywr zag zai zan zap zar zay zaz zch zpr zqc zqo zqs zul zun zzo,1315,76475,0.017195161
90C,Postnominal relative clauses,,90,Matthew S. Dryer. 2013. Order of Relative Clause and Noun. In: Dryer; Matthew S. & Haspelmath; Martin (eds.) 2013. The World Atlas of Language Structures Online. Leipzig: Max Planck Institute for Evolutionary Anthropology. (Available online at https://wals.info/chapter/90),1,aar abi abo abu abv ace acg acl adi adz aeg agm ajg alb alk all aly ame aml amo amp amq amr ana anc ang anj anu any aoj apu apw arg arj aro arq arw asy awe baa bab bag baj baq bar bbl bbu bco bej ber bfg bfi bgr bid bii bik bio bir bka bkr bku blr bma bmb bni bob bok bre brf brh brn brp brs bsh bsr btk bto bud bug bul bum bus buu bvi bwc cah cak cav cax ccm cde ceb cem cha chj chp chq chr chw cic cld cle cmh cmn cmy cnm coo cop cor cpl crn cso ctl ctm cub cya cze dag dan day ddj deg des did din dio djm dni dom doy dre dsh duk dut dyi efi egn emb eme eng eno erk err est eud ewe ewo fij fin fon fre fri fua fur fut fye gae gap gbb gel geo ger ghb gmz gnb gnd gok grb grf grk grw gud gul gum gwa hal hat hau haw hdi heb hei hid hix hmo hna hnd hoa hol htc huc hui hup hve hwr hya iaa iau iba ice idn ifu igb ign igs ik ila ind iri irq isa ita izi jab jak jeb jmo juh juk kam kan kar kau kay kbl kbt kbw kch kel ken ker kfe kgr khl khm khs kik kir kis kje kkt klm klr klv klw kma kmj knc kni knk knm knr knz koe kos kpm kpw krb krd kre kri kro krr kse ksg ktc kte ktl kuo kwn kws kwz kyl kyo kyq lab lan lao lat lbu lda leg lel len let lew lgt lgu lit lmg lmh lmp lmu lnd lon lug lui luo luv maa mab mad maj mal mam mao mas mau maw may mbm mbr mby mco mcv mdg mdo mds mea mee meh men mga mgo mgq mgu min miy mkj mlg mlu mmb mmn mna mng mnm mno moa mof mok mos mot mou mpr mpu mrg mrl mro mrq msk msl msm mud mum mup mur mus mut mwo mxc mxe mxo mxp mxy myg myi myn naj nal nan nar nat nbd ncm ndo ndr ndt ndy neh ney nez ngl ngm ngo ngz nhh nhm nht nia nif niu nkn nko nku non noo nor nrg nua nue nug nun nup nza obg obo oji olo ood orh orw otm paa pai pal par pat pau pba per pga pip pkt plg plh pms pno pnx pod poh pol por pre prs psh psw ptt pul pur qum rag rap rny rom ron rot rov rsu run rus rwe sah sak sam san sdw sea sed see ses sgb sgu shb shn sht sio sir sis skr slb sle sml snh so sob som spa src srd sre sro sud sul sun swa swe swt tab taf tag tah tai taj tak tar tat taw tbo tbt tbu tce tee ten teo tep ter tes tgk tgn tha thy tid tim tin tiw tke tla tlp tls tmm tmr tna tne tng tnk tnn tno tny toz tpn tpt trb tri trm tsi tsk ttd ttn tun tvl txj tzu ukr uld uli url urt ute vaf vie vnm wah wak wal war wch wel wic wlf wlo wma wol xbi xho xoo yag yap yaq yor yuc yuk yul zag zai zch zhn zul zzo,579,76475,0.0075711017
16A,Weight Factors in Weight-Sensitive Stress Systems,,16,Rob Goedemans; Harry van der Hulst. 2013. Weight Factors in Weight-Sensitive Stress Systems. In: Dryer; Matthew S. & Haspelmath; Martin (eds.) 2013. The World Atlas of Language Structures Online. Leipzig: Max Planck Institute for Evolutionary Anthropology. (Available online at https://wals.info/chapter/16),2,agu apu arg bgg bui bwa dhu dhw djr epe est eve fij gid haw htc hun hzb iri irm kha koa kop krk kuu kws lar let lui mah mai mak mao men mme mrk mrl mrs mrt mrw mym nep ngi oss oto plb ror rot sea ser sio skp tah tbb tib tlo tng tsh wam wlo yid yin ysl yuw,65,76475,0.00084995094
69A,Position of Tense-Aspect Affixes,,69,Matthew S. Dryer. 2013. Position of Tense-Aspect Affixes. In: Dryer; Matthew S. & Haspelmath; Martin (eds.) 2013. The World Atlas of Language Structures Online. Leipzig: Max Planck Institute for Evolutionary Anthropology. (Available online at https://wals.info/chapter/69),5,abu ace adg akh aln amq anc anj aro au bai baw bik cem chr chs cnl coc cop cti din dre erk fij fon fut goe gua hat hau hma hmo htc iaa iba irq isa jin jmo jng juh juk kaa kam kbw kch khm kho khr khs kim kir kmu kmz kom kos krn krr kse ksg kut kyl lai lal lao lgu lmh lmp lon lou mae mao may mbr mdl mek mie min miy miz mka mkj mku mlk mmv mng mon mpu mtu mup ndy ngd ngm niu nnc nua nue nun nup plh pnu pok pul pun rap ria saa sah sal san scr shu sio sis skk snm sti sun tah teo ter tgk tha tid tin tla tng tsi ttn tvl uli urk url urt vie wal war wiy wlf wma wol wrl xar xav xbi yap yay yor yuk yur zhn,152,76475,0.0019875776
11A,Front Rounded Vowels,,11,Ian Maddieson. 2013. Front Rounded Vowels. In: Dryer; Matthew S. & Haspelmath; Martin (eds.) 2013. The World Atlas of Language Structures Online. Leipzig: Max Planck Institute for Evolutionary Anthropology. (Available online at https://wals.info/chapter/11),1,abi abk abm ach acm aco adk adz aea aeg agh aht ain aiz akn akw ala ald alw amc ame amh amo amp amu amz ana anc ani ant ao api apu arb arc arm arp asm ata ava awn awp aym bag bai baj bam baw bbf bco bee bej ben ber bet bir bis bki bkr bma bng bno bod bra brb brd brh bri brm brr brw bsq bto bua bul bur byu cac cad cah cam car cax cay cck ccp cha che chk chl chp chu chw cil cle cmn cnl cof coo cre cso cti ctl cub cve cyv dad dag dah dan dar ddf der det dgb die din dio diy diz djp dni dnw don doy dre dts dum dyi efi eka eng epe eve evn ewe ewo eya fas fef fij ful fur fye ga gan gar gbb gds geo ghb gla gmb goa goo grb grk grr grw gua gwa had hai hak ham hau haw hba hin hix hmo hmr hok htc hum hup hve hzb iba igb ign igs ijo ik ika imo ind ing ird irq irr irx iso ite ito iva iwm jak jaq jav jeb jeh jiv jng jom jpn jpr juh kab kad kal kas kay kch ked kef kek ker ket kew kfe kgu kha khm kho khr khs kio kiw kkn kkv kla klm klv kly kmp kmu knd kng knk knm knr koa kob koh koi kom kor kot koy kpa kpe krb krd krk kro kry kse ksg kss ktk kty kul kun kur kut kwa kwk kwo kws kya kyl kzy lad lah lak lam lan lat lav len lit lkk lkt llm lu lua lug lui luo lus luv maa mab mak mal mao map mar mau max may maz mba mbb mei mgg mie mku mla mne mog mor mov mpa mrd mrg mrl mrn mro mrt mss mtp mui mum mun mxc mxm mya myi mzc nai nan nap nar nas nav ndt ndy nep new nez ngi ngz nhn nht nim nis niv nko nkt nmb nnc nob non nti ntu nug nun nuu nyg nyi oca ogb oji ond ood orh orm otm pac pae pai pau paw pec phl pit pms pnr poa poh pol prh prs psh psm pso puk pur qaw qco qui ram rap res rom ror rsc rtk ruk rus rut sab san sba scs sdh sdw seb sed sha shi shk shs shu sin sla slp sml snc snd snh snm snt som soq sor spa squ sre srn sue sui sup svs swa tab tac tag tam tas teh tel ter tgk tgr tha tic tiw tks tli tma tmn tmp tne toa tok tol ton tru try tsg tsi tso ttn ttu tug tuk tul tun twn tza umb una urk usa uzn vie wah wam wao wap wch wdo wic win wiy wlf wma wmu wnt woi wps wra wrd wrs wry xoo yag yan yap yaq yar yaw yay ycn yct yel yes yey ygr yid yim yny yor yuc yul yur yus zan zqc zul zun,525,76475,0.0068649887
85A,Order of Adposition and Noun Phrase,,85,Matthew S. Dryer. 2013. Order of Adposition and Noun Phrase. In: Dryer; Matthew S. & Haspelmath; Martin (eds.) 2013. The World Atlas of Language Structures Online. Leipzig: Max Planck Institute for Evolutionary Anthropology. (Available online at https://wals.info/chapter/85),1,aar aba abk acg acn aco adg adi adk adn ady agm ain ajg akh ala aly amb amc ame amk amp amt ana ang ao api apl apt apu ara arc arm arw asu atk ava avo awe awp awt aym baa bac bae bam bao baw bbf bej bgs bho bil bin bkb ble bln blt blx boa boj bok bon brh bri brm brs bry bsk bsq bti bua bur bus but bya bzi cah cai cam car cas cav cbo cct cde chc che chg chi chk chn chp chs chv cln cmh cmn cmr cnl cnm coc coo cor cti ctm ctw cub cup dag dan daw dds der des dga dgb dgr dhm die dig dim dji dlm dmi dmk dms dni drg drm dul dun edo eip emb eme emm ene epe ese est eud eve evn ewe fas fin for fqs ful fur gaa gam gan gap gar gav geo ghb gim gjj gln gmw gnn gon grb grj grw gua guj gur gyc hai ham han hay hhu hid hin hix hlp hma ho hop hpd hua hum hun hup hzb iau idn idu ika imo ina ing inn iqu jbt jel jin jms jng joh jpn jug juh jva kaa kab kac kas kbo kbt kch kem ket kew kgy kgz kha khd khl kho khr khw kie kim kir kiw kje kkp kkq kku kll klm klq klr kma kmb kmh kmk kmn kmo kms kmw kmz knb knc knd kng knm knn knr knz koa kob kok kol kop kor kpo krc krh krj krk krn kry ksa kse kti kty kum kun kus kuv kwb kwo kws kwt kxo kyk kyn kyr kyz kzy lad lah lai lak lal lar lav ldu lep lez lgt lho lis lkt llm lmn lot lug lui lun mab mac mad mag mai maj man mar maw max mbo mcc mde mdl mdn mei mek mey mgg mgh mgi mhi mik mis miz mka mke mkg mkj mkl mku mme mnc mnm mno mns mnv moe mom mou mpr mpt mqf mrd mrh mri mru msg msn mtu mun muu myr mzn nab nad nag nam nar nas nat nav nbd nbr ndj nep nev new ngg ngk nis niv nkn nnd nnk noc nph nti ntj ntu nwd nyi nze oks omi orh ork oro orw ory osa oss owi pae pan pau paw pdp pis pit pmn pnx pra prh prk psh pso ptt ptw pum pun puq qaf qaw qhu qia qim ram raw rem res ret rik rum run rut ryu sar sav sba sdw sel sem ser shb she shh shi shk shy sid skk sko skw sla slb sle slp sme smn sna sng snh snm sno snt sor src srn sro sta stl sue sup sus svs syu tac tak tam tar tau tbl tbt tbu tbx tce tel tgl thd thn thu tir tja tkl tkm tlf tli tls tml tmo tnc tny ton tou tpn tps trb trm tru trw tsf tsm tsr tsz tte tts ttu tuc tul tun tur tuv tuy tvo tvt uby udh udm una urd urk urn usa ute vai wah wai wal wao was wat way wbn wir wme wna wor wra wrd wry wsk wtm xas xav xns yag yah yal yaq yar ycn yei yel ygr yi yim yiw yko ykt ylm yqy ytu yuc zag zar zaz zch zun,577,76475,0.007544949
143F,Postverbal Negative Morphemes,,143,Matthew S. Dryer. 2013. Order of Negative Morpheme and Verb. In: Dryer; Matthew S. & Haspelmath; Martin (eds.) 2013. The World Atlas of Language Structures Online. Leipzig: Max Planck Institute for Evolutionary Anthropology. (Available online at https://wals.info/chapter/143),4,abi abn ace acg acm agb agc agd ain akh akn ala alb all als alw ams amt anj ann any apu arg arj arm aro arq arw ass asy ata awa awt aym baa bac bae baf bai baj bam bao baq bar bbl bbw bch bco bdm bej ber bfg bgn bho bia bil biu bkr bku bla ble blr blz bmz bni bnn bnu bra brf bri brl brp bsh bsq btk bto bua bug bul bun bur buw bvi bwc bya cah cam cax cba ccm cea cem cga cha chb chc chd che chg chh chk chn chq chx cic ckl cle cmn cmy cnt coc coo cos cpl cpy cre crn crt cso cup cya cyv cze dag dan deg dga dgb dgr dhi dhm dhw did din diy dja dji djm djn djp dmk dre drm dua dul dyi ebi egn ene eng eno eny err est eud fij fin fon fut gaa gae gap gav gds gel geo ggu ghr gir gjj gku gmw goa gok goo grb grf grj grk grr grs gud guj gur guu gyc hak ham han haw hay heb heh hei hil hin hlu hmo hnd hoa hol hop htc hua huc hui hun hup hve hya iaa iba idn ifu ign ik ila imo ind inn iqu iri ita jak jaq jlu jng joh juh kad kae kan kba kby kch kdw kdz ket kew kfe kga kgr kgy khd khm khn khr khs kik kil kin kir kkt kla klm kls klv kmh kmi kmj kmp kms kmu kmw knb knc kni knn knz koi kom kop kor kos krb krd krj ksa kse ksn ktc kty kum kuo kut kwa kwb kwn kws kya kyq kzy lac lah lal lan lao lar lat lda ldo leb leg les let lgi lgu lic lis lit llm lmp lot luc lui luo maa mae mag mai maj mak mal mam man mao mau maw mbi mcd mch mco mcv mde mdl mdm mer mgg mgi mhu mie mir mkd mke mkg mkj mkl mlk mme mmn mmv mmw mna mnd mni mnm mno mns mnt mny moe mog moh mok mon mos mov mpa mpo mra mrd mrh mri mrl mro mrq mrr mrt mru mrw msq mss mua mug mun mur mus mut mwb mwe mxc mxj mxo mxp mxx myi nab nad nah naj nak nal nam nan nar nav nax nbr nca ncm nde ndj ndo ndr ndy neh nev new nez nga ngd ngi ngj ngk ngt ngu ngw nha nhh nhm nht nia nif niu nkk nkn nko nmm nne nsg nti nto ntu nue nug nun nwd nyh nyi nyk nym nyn nyr nyu obg obo ocu oir oji oks omi ond ono ood orh ori ork oss otm pai pal pan par pba pga pip pkn plg pms png pnn pno pnu poh pol por ppi pra pre prs psh psw ptt pul pun pur pwn qia qim qui qum rap ras raw rem res rgc rik rim rnd rny rom rov rpa rru ruk rus rwa sak sal sam sap scr sed see ser ses sgu she shl shm shn shp shu sid sil sir sis skw slb slo sml sna sng snn sno snt so sob sod som son sor spa squ srb src srd sre ssa sta sti stl sud sue sul sun svs swa taf tag tah taj tak tal tam tas tau taw tbo tbw tbx tce tdr tee ten tep tes tet tgh tgk tgo tgr tha thn tho thy tib tim tin tis tiw tke tki tkl tla tli tlp tmm tmr tna tng tnn tno tny tob tod tol tou toz tpa tpn tri trr tsg tsi tsk tsn ttn tts ttu tuk tus tvl twe twn tzo tzu udh udi ukr uli una urd url uru usa usr vai ven vie wag wah wak wal wam war wed wel wem wic wik wlm wlw wme wmu wol wor wrb wrd wrg wrl wsk wtm wya xam xar xbi xho xns yag yao yap yaq ybi yei ygr yi yid yim yin yiw yko ylm yng yok yor ytu yuc yur yuw ywl ywr zai zap zar zaz zqc zqo zqs zzo,712,76475,0.0093102325
144Y,The Position of Negative Morphemes in Object-Initial Languages,,144,Matthew S. Dryer. 2013. Position of Negative Morpheme With Respect to Subject; Object; and Verb. In: Dryer; Matthew S. & Haspelmath; Martin (eds.) 2013. The World Atlas of Language Structures Online. Leipzig: Max Planck Institute for Evolutionary Anthropology. (Available online at https://wals.info/chapter/144),1,myi tvl,3,76475,0.000039228507
114A,Subtypes of Asymmetric Standard Negation,,114,Matti Miestamo. 2013. Subtypes of Asymmetric Standard Negation. In: Dryer; Matthew S. & Haspelmath; Martin (eds.) 2013. The World Atlas of Language Structures Online. Leipzig: Max Planck Institute for Evolutionary Anthropology. (Available online at https://wals.info/chapter/114),2,ala arp asm aym bua har ige jak jaq lar mau nyu qim see tiw tkl tsi wam wch,20,76475,0.00026152338
122A,Relativization on Subjects,,122,Bernard Comrie; Tania Kuteva. 2013. Relativization on Subjects. In: Dryer; Matthew S. & Haspelmath; Martin (eds.) 2013. The World Atlas of Language Structures Online. Leipzig: Max Planck Institute for Evolutionary Anthropology. (Available online at https://wals.info/chapter/122),4,abk ace aeg ala any arp bag bar baw bkr blq bma bob brh brm brs bsq bur cha chk cle dag deg dgb diy dni eve ewa fij fur fye gae gdr giz grw gua hau heb hix hmo hzb ik imo ind ing iri jak jpn kam kay kch kfe kha khm kho kin kis kjr klv knd knm kob kor krc kro kse kul kxo lan lel lez lin luo luv maa mal mao map mau may mei miy mle mna mnd mrt mxc nan nbb nbd ndy ngi nug orh pai per pit pms prs psm qim rap san see so spa stn swa tag tes tha tuk tur ven vie war wic wrd wrn yaq ygr yim yko zul,125,76475,0.0016345211
143E,Preverbal Negative Morphemes,,143,Matthew S. Dryer. 2013. Order of Negative Morpheme and Verb. In: Dryer; Matthew S. & Haspelmath; Martin (eds.) 2013. The World Atlas of Language Structures Online. Leipzig: Max Planck Institute for Evolutionary Anthropology. (Available online at https://wals.info/chapter/143),1,abi abn abu ace acg acl acm aco adg agc agd agh ain ajg akh ala alb all als alw amb ame aml amn amo ams amx anj any aoj apu apw arg arj aro arp asy ata au awa awp aym baa bab bac bae baf bai baj bam bao baq bar bbf bbw bch bco bdm bfg bgo bho bid bii bil bkr blr blt bmb bmz bni bnn bnu bob bod boi bok bra bre brf bri brp bsq btk bto bua bug bul bun buw buy bvi bwc cah cai cak cax cea cem cha chc chd che chj chk chq chr chx ckl cle cmh cmn cmy cnt coc coo cos cpy cre crn crt cso ctl cui cup cya dag dan dga dgb dgr dha dhw did din diy dja dji djm djn djp dma dmk doy dre dsh dua dut dyi ebi eip eka ene eng eno erk est eud eve evn ewe ewo fij fin fon fre fut fye gaa gae gap gav gbb gds gel geo ger ggu ghr gir gmw goa gok goo grb grf grj grk grr grs gua gud gug guh guj guu gwa hai hak hal han hau haw hay heb hei hil hin hlp hlu hmo hoa hop htc huc hun hup hve iaa iba ice idn ido ifm ifu ign ik imo ina ind inn iqu iri ita ite izi jak jaq jlu jng joh juh kad kae kan kbl kch kdz ket kfe khm khn khr khs kio kir kis kiw kkt kla klm kls klv klw kmk kms kmu kmw knb knc kni knk knn koe koi kom kop kor kos krb kre krj krk kro ksa kse ksg ksn ktc ktl kty kum kuo kut kwa kwb kwn kwo kws kwt kya kyq kzy lac lah lal lan lao lar ldu lgu lho lic lis lmu lou lui luo mae mai maj mak mal mam man mao mau maw mbe mbi mbt mcd mch mco mde mdl mdm men mer mga mgg mgi mgk mhu mie min mir miy mka mkg mkj mkl mku mlk mme mmn mna mnd mni mnm mno mns mnt mny moe mog mok mom mon moo mos mov mpa mpo mrd mrh mri mrl mro mrq mrr mrt mru mrw msk msn msq mss mtu mum mun mup mur mus mut mwb mwo mxc mxj mxo mxp myi nab nag nah naj nak nal nar nav nax nbr nca ncm ndj ndo ndr ndy neh nev nez nga ngd ngi ngj ngk ngu ngw nha nhh nhm nht nia nif niu nke nkk nne non nor nsg nti ntu nue nug nun nyi nyk nyn nyr nyu oir oji oks omi one ono ood oro orw oss otm otr paa pai pal pan par pau pba per pip pis pkn plg plh pnn pno pnu poh pol por ppi psm pso pul pun pur qhu qim qui qum rag ram rap raw res rik rom rot rov rpa ruk run rus rwa rwe sam sap scr sed see ses shl shp shu sid sil sir sis siu skw slb slo sml sna sng snn sno so sob som son spa squ src srd sre ssa sta sti stl stn sud sue sun sup svs swe tac taf tag tah tak tam tau taw tbo tbt tbx tce tee ten teo tep ter tes tgh tgk tgo tha tho thu thy tid tim tin tiw tja tke tkl tla tli tmm tmn tmo tmr tnc tng tnn tno tny tol tou tpa tpn tri trr tsg tsh tsi tsk tsn ttn ttu tuk tus tvl twe tye tzo tzu udh ukr uli una urd url urt uru usa vai vie wag wah wak wal wam war wat wch wed wel wem wic wik win wiy wlf wlm wlw wmu woi wol wor wrb wrd wrg wrk wrl wsk wya xam xar xbi xns yag yap yaq yei yi yid yin yiw ylm yng yok yor yuc yuk yur yuw ywl ywr zai zar zch zpr zqo zqs zun zzo,682,76475,0.008917947
3A,Consonant-Vowel Ratio,,3,Ian Maddieson. 2013. Consonant-Vowel Ratio. In: Dryer; Matthew S. & Haspelmath; Martin (eds.) 2013. The World Atlas of Language Structures Online. Leipzig: Max Planck Institute for Evolutionary Anthropology. (Available online at https://wals.info/chapter/3),3,abi acm aik alb ald amc ame amz apu ata awn awp bag baj bam bbf bee bej ben bir bis bng bra brd bre bri brm bsk bto bua bul byu cam cha chq cil cle cso cti ctl ddf dgr din diz dnw don doy dre dyi eja eve evn ewe ewo fij ful ga gan gar gbb gds ghb gla gmb goa grk gua gwa hak hba hix hok hop htc hun hve hzb iaa iba igb igs ik ind irx iso ito jeh jiv jpn kad kas kch kef kek ker kew kgz khs kio kkv klv kly kmp knk knm knr koh kom koy kpe krd krk kry kse ksg ktk kty kur kwa kwo kws kya kzy lah lat lav lep llm lua lug lui luo luv mab map mau mba mei mlk mme mnc mnd mne mor mov mrd mrn mro mui mum mxc mxm mya myi mzc nai nar nax nbk ndt ndy nhn nht nko nkt nob nun oji ood orm otm pec phl pms prs psm puk rom san sba sha shk shs sin sml snd snh sor spa sre sup svs tab tag tam tib tic tks tok tol ton tru tso tug tuk tul tur twn umb uzn wah wch wic wlf wma wps wrd wry wuc yan yap yaq yaw yay ycn yct yes ygr yid yko ytu zan zun,234,76475,0.0030598235
74A,Situational Possibility,,74,Johan van der Auwera; Andreas Ammann. 2013. Situational Possibility. In: Dryer; Matthew S. & Haspelmath; Martin (eds.) 2013. The World Atlas of Language Structures Online. Leipzig: Max Planck Institute for Evolutionary Anthropology. (Available online at https://wals.info/chapter/74),3,ame brm chk kor kut kyl nbd nht nma sla wam yur,13,76475,0.00016999019
55A,Numeral Classifiers,,55,David Gil. 2013. Numeral Classifiers. In: Dryer; Matthew S. & Haspelmath; Martin (eds.) 2013. The World Atlas of Language Structures Online. Leipzig: Max Planck Institute for Evolutionary Anthropology. (Available online at https://wals.info/chapter/55),1,abk abo aco aeg agw ako ala alb amb ame amh ami amk aml amr apu ara arb arm aro ata atk ava awt bae bgv brh brl bsq bul bur but cap cba cct cha chc chi chk chv cin cjo cku cnl coo cpn cre ctm cul cyv dat den dga diz dji dre drg dum dyi eng epe err eve fij fin fma fre fur fut gaa gav gbb gdf geo ger gnn goo grr gua hau haw heb hin hix hpd hua hzb iaa igb ika imo ing irq jam jaq jiv jmm juh kat kch kew kfe kha kho kio kiw kku klm klt kmb knd knr knu kob koi kot kpe krf krk kut kzy lan lat lda let lez lim lkt luc lug lui luo maa mal map mar mau mbg mde mdk mdn mee mhi mis mit miy mkw mli mlk mll mne moe mos mrg mrt msc mss msy mup muu mxc myi mym nah nai naj nar nas nav nbd ndy ngi ngy ngz nht ntu nug nyu ood orh ori pau pba pip pir pno pnr prc prh put pwn qcu qhu qim qui rap rcp rru ruk rus sal sdw see ses shk shs siu snc snh snt sue sul sup swa swt syu tag taw tgh tim tiw tkl tla tlf tll tmr tnn tob tol ton tps trn tso tun tuv uhi ura wap war was wem wgl win wor wrn xam xoo yes yid yim yko ymi yng yor yuc yuk ywl zul zun,260,76475,0.0033998038
143A,Order of Negative Morpheme and Verb,,143,Matthew S. Dryer. 2013. Order of Negative Morpheme and Verb. In: Dryer; Matthew S. & Haspelmath; Martin (eds.) 2013. The World Atlas of Language Structures Online. Leipzig: Max Planck Institute for Evolutionary Anthropology. (Available online at https://wals.info/chapter/143),1,abi abn ace acg acm agc agd ain akh ala alb all als alw ams anj any apu arg arj aro asy ata awa aym baa bac bae bai baj bam bao baq bar bbw bch bco bdm bfg bho bil bkr blr bmz bni bnn bnu bra brf bri brp bsq btk bto bua bug bul bun buw bvi bwc cah cax cea cem cha chc chd che chk chq chx ckl cle cmn cmy cnt coc coo cos cpy cre crn crt cso cup cya dag dan dga dgb dgr dhw did din diy dja dji djm djn djp dmk dre dua dyi ebi ene eng eno est eud fij fin fon fut gaa gae gap gav gds gel geo ggu ghr gir gmw goa gok goo grb grf grj grk grr grs gud guj guu hak han haw hay heb hei hil hin hlu hmo hoa hop htc huc hun hup hve iaa iba idn ifu ign ik imo ind inn iqu iri ita jak jaq jlu jng joh juh kad kae kan kch kdz ket kfe khm khn khr khs kir kkt kla klm kls klv kms kmu kmw knb knc kni knn koi kom kop kor kos krb krj ksa kse ksn ktc kty kum kuo kut kwa kwb kwn kws kya kyq kzy lac lah lal lan lao lar lgu lic lis lui luo mae mai maj mak mal mam man mao mau maw mbi mcd mch mco mde mdl mdm mer mgg mgi mhu mie mir mkg mkj mkl mlk mme mmn mna mnd mni mnm mno mns mnt mny moe mog mok mon mos mov mpa mpo mrd mrh mri mrl mro mrq mrr mrt mru mrw msq mss mun mur mus mut mwb mxc mxj mxo mxp myi nab nah naj nak nal nar nav nax nbr nca ncm ndj ndo ndr ndy neh nev nez nga ngd ngi ngj ngk ngu ngw nha nhh nhm nht nia nif niu nkk nne nsg nti ntu nue nug nun nyi nyk nyn nyr nyu oir oji oks omi ono ood oss otm pai pal pan par pba pip pkn plg pnn pno pnu poh pol por ppi pul pun pur qim qui qum raw res rik rom rov rpa ruk rus rwa sam sap scr sed see ses shl shp shu sid sil sir sis skw slb slo sml sna sng snn sno so sob som son spa squ src srd sre ssa sta sti stl sud sue sun svs taf tag tah tak tam tau taw tbo tbx tce tee ten tep tes tgh tgk tgo tha tho thy tim tin tiw tke tkl tla tli tmm tmr tng tnn tno tny tol tou tpa tpn tri trr tsg tsn ttn ttu tuk tus tvl twe tzo tzu udh ukr uli una urd url uru usa vai vie wag wah wak wal wam war wed wel wem wic wik wlm wlw wmu wol wor wrb wrd wrg wrl wsk xam xar xbi xns yag yap yaq yei yi yid yin yiw ylm yng yok yor yuc yur yuw ywl ywr zai zar zqo zqs zzo,525,76475,0.0068649887
44A,Gender Distinctions in Independent Personal Pronouns,,44,Anna Siewierska. 2013. Gender Distinctions in Independent Personal Pronouns. In: Dryer; Matthew S. & Haspelmath; Martin (eds.) 2013. The World Atlas of Language Structures Online. Leipzig: Max Planck Institute for Evolutionary Anthropology. (Available online at https://wals.info/chapter/44),3,abu ala ane apu ara awt bln bnj brm brs bur ckl cre cub diz dut eng fre ger grk gud ijo iri ita khs klv kom kor kro may mku mle mlk mnd moh mrd mun nas nav ngk ngl nmb orh pau prs psj psm pso ret rus sem tap tiw tru wel wrk xok yaw yes zan,61,76475,0.0007976463
48A,Person Marking on Adpositions,,48,Dik Bakker. 2013. Person Marking on Adpositions. In: Dryer; Matthew S. & Haspelmath; Martin (eds.) 2013. The World Atlas of Language Structures Online. Leipzig: Max Planck Institute for Evolutionary Anthropology. (Available online at https://wals.info/chapter/48),1,abn acm apu arp awt bnj cba coo cre cyv gar guu ham hlu hmr jaq kay kgu kio kut kwz mak mar mle mlk mne moh mrt msl mss myi nai nez ngi ngk ngl nmb nug nuu ond pec pny psm qui siu squ tag tap tau tja uhi wam wch wic wik win wrd yid ypk yuk zqc zun,63,76475,0.00082379865
7A,Glottalized Consonants,,7,Ian Maddieson. 2013. Glottalized Consonants. In: Dryer; Matthew S. & Haspelmath; Martin (eds.) 2013. The World Atlas of Language Structures Online. Leipzig: Max Planck Institute for Evolutionary Anthropology. (Available online at https://wals.info/chapter/7),1,abi abm ach acm adk adz aea aeg agh aik ain akn akw ala alb ald alw amc ame amo amp amu amz ana ant ao api apu arb arp asm ata awn awp aze bai baj bam baw bbf bee bej ben bir bis bki bkr bma bng bno bod brb brd bre brh bri brm brr brw bsk bsq bto bua bul bur byu cac cah cam car cax cay cck ccp cha che chk chv cil cle cmn cnl cnt cof cre cso ctl cub cve cyv dad dag dar der dgb dgr die din dio diy djp dni don dre dts dum dyi efi eja eka eng epe eve evn ewe ewo fas fef fij fin fre ful fur fuz ga gan gar gds ger ghb gla gmb goa goo grb grk grr grw gua hak ham haw hba hin hix hmo hok hop hum hun hve iaa iba igb ign igs ijo ika imo ind ird irr irx iso iva iwm jav jiv jng jom jpn jpr kal kas kay kch ked ket kew kfe kgu kgz kha kho khr khs kiw kkn kkv kla klv kly kmp knd kng knm knr koa kob koi kot koy kpa krb krd krk kry kse kty kun kur kwa kwo kws kya kyl kzy lad lah lan lat lav len lep lit llm lu lui luo luv mab mal mao map mar mau max may mbb mei mgg mie mku mla mlk mme mnc mnd mog mor mpa mrd mrn mro mrt mss mtp mui mun mxc mxm mya myi mzc nai nan nap nar nas nax nbk ndy nep new nga ngi nhn nht nim nis niv nko nkt nnc nob non nor ntu nug nyi oca oji ond ood orm otm pae pai paw pec pit pms pnr poa poh pol prh prs psh psm puk pur ram rap res rom ror rsc rtk ruk rus sab sba scs seb sha shi shk skp slp snc snd snh snm snt som sor spa srn sue sup svs swa tab tac tag tam tas tel tgk tha tib tic tiw tks tlp tmn tmp tne toa ton tpa try tsg ttn tug tul tun tur tuv umb una urk usa uzn wah wam wao wdo wiy wlf wma wmu wnt woi wra wrd wrs wry wuc yag yaq yar yaw yay ycn yel yes yid yim yko ykt yny yor ytu yus zan zqc,409,76475,0.005348153
93A,Position of Interrogative Phrases in Content Questions,,93,Matthew S. Dryer. 2013. Position of Interrogative Phrases in Content Questions. In: Dryer; Matthew S. & Haspelmath; Martin (eds.) 2013. The World Atlas of Language Structures Online. Leipzig: Max Planck Institute for Evolutionary Anthropology. (Available online at https://wals.info/chapter/93),2,aab abk abu abv acl acn adg adi adz aeg ain akh akn ala alk all amb ame amh aml amn amq anc ani anj anu any ao aoj apl apt apw arc arg arj arm aro arp arq arw asm ass ata ath au ava awi awp awt aym aze azi bag bai bar baw bbl bej bem bfi bgn bgo bgr bho bhu bii bir bkl bkn bku ble blx bmb bnk bod boj boq bra brh brm brn brp bsh bsq bto bud bug bum bur bya cah cai cax cct chc chg chk chn chs chv chw cic cmh cml cmn cmr cnt cop crn cro cti cup cze dag dan dgr dha din dio dja djm dlm dmi dmk dms don doy dre drm dul dum dun dyi efi egn eip erk err ewe ewo fij foe fur fut fye gal gap gar gbb gbs gdb geo ggu giz gmw goe gok gon grw gua gug guh guj gum gur guu gwa gyc hak ham hat haw heh hin hlp hma hmo hna hoa hop hua huc hui hum hun hup hya iau idu ifm igb ige igs ijo ina irq irr isa ite iwm izi jab jar jel jin jmo jms jng jpn jug juh juk jva kab kac kae kan kar kas kau kay kba kbw kel ker ket kew kgy kha khg khi khm khn khr khs kik kil kin kir kiw kkp kkt kkv klq kmb kmh kmj kmk kmn kmo kmz knc knd kni knk knn kob kol kor kos kqq krb krc krd kre kro krr krw ksg ksm ksn kta kty kum kun kuo kuu kuv kwo kwt kyk kyl kyr laa lab lad lag lah lai lal lan lao lav lbu lda ldu lel len lep lew lez lgt lho lim lin lis lkt lmb lmh lmn lmp lnd lon lot loz lug lun luo luv maa mab mad mag maj man mao map mas maw may mba mbi mbm mby mdl mea mee mei mer mey mga mgu mhi mie mik mis miz mka mkd mkg mlg mmw mna mnd mng mnm mns mon moo mor mou mpa mpt mpu mrg mrl mro mru msg msl mtu mum mun mup mus myi mym nad nag naj nam nan nas nav nax nbd nbm nbr ncm ndb ndi ndj ndo ndt ndu nep new ngb ngd ngk ngm ngn ngo ngt ngz nha nif nis niu niv nke nkn nko nma nnd nnk noc non noo nph ntj nua nue nun nwd nyk nza nze obg obo olo omi one ood orh oro orw osa owi oya paa pal pan par pat paw pdp per pkt plg pms pok pra pre prh prk prs psh pso pul pum pun qhu ram rao raw rem rji rny ron rot ruk rum rwa ryu sah sak sam san sap sar sav sdw sed sem ser sgb she shk shl shn sho sid sio skk sko skp skw sla slb sle slg sme sna sng snm snn snt sob som son spi sre sro sti stl sue suk sul sun svs swa syu tab tah tam tao tas tau tbl tbt tbw tel ten ter tet tgk tgl tgr tha thk thy tid tin tja tke tki tml tmo tna tnc tng tnn tny tou toz trb trm trw tsh tsi tsn ttn ttu tul tur tvt twe udh uhi una urd urt uru usa uzb vai vie vnm wah wak wal wap wat wbn wed wma wme wmu wol wom wrd wrg wsk wwa xas xbi xho xoo yal yaq yar ygr yid yko yns ytu yuc yur zan zaz zhn zul zzo,615,76475,0.008041844
107A,Passive Constructions,,107,Anna Siewierska. 2013. Passive Constructions. In: Dryer; Matthew S. & Haspelmath; Martin (eds.) 2013. The World Atlas of Language Structures Online. Leipzig: Max Planck Institute for Evolutionary Anthropology. (Available online at https://wals.info/chapter/107),2,abi abk abn abu ace acm aco adz ala ame ane anj arp asm ata atk au awp awt baa bab bag bam baw bkr bnj brh bri brm brn bro brs bya cah can cap cav cax cba cbo chk chr ckl cnl cpn cre dag dga dni dum eka epe err ewe gar gmw god goo gua gud guu hai ham hat hua hzb igb ika imo ing iqu jaq juh ker kew kfe kgu khm khs kio kjo kkv klv kmu kob kom kpm kwz kyl lad lah lak lan lav lel lez lkt luv mak mau may mby mcr mde mei mis miz mku mlk mlm mna mne moa moh mrd msn mum mup mxc myi nak nan nas ndy ngi ngk ngl niv nti nug nup nyu ond orh otm pai pec pit pms prh pso pur qaw ram rap rem ret sah sal sam san saw sel sem shk slp snt srm sue sup syu tag tap tau taw tgk tid tir tiw tja tla tli tmr tms tol ton tot trb tri tru tsi tso tun uhi uma una ura urk usa wam wao was wbn wch wic wma wrd wrk wsk yag yap yel yes yid yim yko yor ypk yuc zqc,211,76475,0.0027590715
4A,Voicing in Plosives and Fricatives,,4,Ian Maddieson. 2013. Voicing in Plosives and Fricatives. In: Dryer; Matthew S. & Haspelmath; Martin (eds.) 2013. The World Atlas of Language Structures Online. Leipzig: Max Planck Institute for Evolutionary Anthropology. (Available online at https://wals.info/chapter/4),1,abi ach acm aco ain alw amc amp amz ant api apu arb asm aym bco ber bng bra brd bua byu cac cah cax ccp che chk chl chu chw cmn cnl cnt cre dad diy djp dni don dyi eka fas fij fuz gds gmb goa goo grr hai hak ham haw hmo hok hop htc hup imo irr iwm jak jaq jav jeb jiv jom kay kek kew kgu khm kho kkv kmu kng kob kor krb krk kro kry kss kty kut kwa kya len lkk lui maa mao map mar mau max may maz mbb mku mlk mne mor mov mrt mss myi nan nas nbk nez ngi nhn nht nmb nnc nug nun nuu nyg oji ond pac pae pit pms pnr poh psm qaw rap ror rtk seb sed sel sha shi shk shs shu sin skp slp snc snm squ tam tiw tli toa tol ton tpa tuk urk wah wam war wch wdo wic wiy wmu wnt wra wrd wrs wry yag ycn yct yel yes yid yim yny yur zqc zun,182,76475,0.0023798626
119A,Nominal and Locational Predication,,119,Leon Stassen. 2013. Nominal and Locational Predication. In: Dryer; Matthew S. & Haspelmath; Martin (eds.) 2013. The World Atlas of Language Structures Online. Leipzig: Max Planck Institute for Evolutionary Anthropology. (Available online at https://wals.info/chapter/119),2,aeg ahu alb amh amp amr apl arc arm asm ava awp bab bej ben blc bln bre brs bul bur but car cbo ccp chc cil cze dag diy dua dut eka eng est eve evn fin fre geo god grk heb hin hix hun hup hzb ice juh kha kku knd kob kty kzy lat laz lda lit mac mbt mis mlt mme mns moe moj mrd myi nai nez ngi ngk ngl nht nko ntu orh pol prs pwn qcu qim ram ret rka rom rus scr shk shn skp smt snm sro swa swe tel tgr tli tml tur tvo usa uzb vot wau wic yag yav ygr yid ykt zaz zul,117,76475,0.0015299118
19A,Presence of Uncommon Consonants,,19,Ian Maddieson. 2013. Presence of Uncommon Consonants. In: Dryer; Matthew S. & Haspelmath; Martin (eds.) 2013. The World Atlas of Language Structures Online. Leipzig: Max Planck Institute for Evolutionary Anthropology. (Available online at https://wals.info/chapter/19),1,abi abm ach acm adk adz aht aik ain akn akw ala alw amh amp amu amz ana anc ant ao api apu arb arm arp asm awn awp aym aze bag bai baj bam baw bco bee bej ben bis bki bkr bng bno bod brd bre brh bri brr brw bsq bto bua bul bur byu cac cad cah cam car cax cay cck ccp cha che chk chl chu chv chw cil cle cmn cnl cnt cof coo cre cso cti ctl cve cyv dad dag dar ddf der dgr die din dio diy diz djp dni dnw don dum dyi eka epe eve evn eya fas fef fin fre ful fur fuz fye gan gar gds geo ger ghb gla gmb goa goo grr grw gua hai hak ham hau haw hba hin hix hmo hmr hok hop hun hup iba ign ik ika imo ind ird irr irx ite ito iva iwm jak jaq jav jeb jeh jiv jng jom jpn jpr kad kal kas kay kch ked kef kek ker ket kew kfe kgi kgu kgz kha khm khr khs kio kiw kkn kkv klm klv kly kmp kmu knd kng knk knm knr koa kob koi kom kor kot koy krb krk kro kry kse kty kul kun kur kut kwa kwk kwo kws kya kyl kzy lad lah lam lan lat lav len lep lez lit lkt lu lua lui luo lus luv maa mab mak mal mao mau max may maz mbb mei mgg mie mku mla mlk mnc mnd mne mog mor mov mpa mrd mrg mrn mrt mss mtp mui mun mya myi mzc nai nan nap nar nas nav nax nbk ndt ndy nep new nez ngz nhn nht nim nis niv nko nkt nmb nnc nob non nor nug nun nyg nyi oca oji ond ood orh orm pac pae pai pau paw pec phl pit pms pnr poa poh pol prh prs psh psm pso puk pur qaw qui ram rap res rom ror rsc rus sab sba scs sdh seb sed sel sha shi shk shs shu sin skp sla slp sml snc snh snm snt sor sre srn sue sui sup svs tab tag tam teh tel ter tgk tha tib tic tiw tks tli tlp tmn toa tol ton tpa tru try tsg tsi tso ttn tug tuk tul tun tur tuv twn tza umb una urk usa uzn vie wah wam wao wap war wch wdo wic win wiy wlf wma wmu wnt woi wps wra wrd wrs wry wuc yag yan yaq yar yaw ycn yct yes ygr yid yim yko ykt yny ytu yuc yur yus zqc zun,449,76475,0.0058711995
123A,Relativization on Obliques,,123,Bernard Comrie; Tania Kuteva. 2013. Relativization on Obliques. In: Dryer; Matthew S. & Haspelmath; Martin (eds.) 2013. The World Atlas of Language Structures Online. Leipzig: Max Planck Institute for Evolutionary Anthropology. (Available online at https://wals.info/chapter/123),4,abk ace ala bma bob brm brs cha cle eve fur grw hzb imo ind ing jak jpn kam kay kch kfe kha khm klv knd knm kob kor krc kse kxo lez maa mao map may mei mle mna mnd mxc nbb ndy ngi nug orh per pit qim tha tuk tur war,55,76475,0.0007191893
136B,M in First Person Singular,,136,Johanna Nichols; David A. Peterson. 2013. M-T Pronouns. In: Dryer; Matthew S. & Haspelmath; Martin (eds.) 2013. The World Atlas of Language Structures Online. Leipzig: Max Planck Institute for Evolutionary Anthropology. (Available online at https://wals.info/chapter/136),1,abk ace aco aeg ain ala ame amh amp ane apu arp asm atk awp awt ayw bej bel bma brk brm brs bsq bur cax cha chi cho cin cjo cku coo cre csh ctm cyv dag diy diz dji djp dni dum dyi fij fur git gku goo gua hai hat hau heb hix hmo hua hve imo ind ing jak jaq jiv jpn kay kew kho kio knd knr koa kob kor kot kri krk kro kse kut kyq lan lav lda lez lui maa mal map mar mau may mdk mei mis mlk mnd mne mrt mtp mun mxc myi nah nar nat nbr nca ngi ngl niv nmb nug ond ood orh ori pai pau pip pit pme prh pur qim qui ram rap sah sal shs sla smt snc snt squ sul tag tau tib tiw tja tkl tlf tli tmc tmr ton tpa tru tuk tun tzu uhi vie wap war was wch wem wic win wiy wrd wrn xok yag yaq yna yuc yuk yur ywl zqc zun,177,76475,0.002314482
23A,Locus of Marking in the Clause,,23,Johanna Nichols; Balthasar Bickel. 2013. Locus of Marking in the Clause. In: Dryer; Matthew S. & Haspelmath; Martin (eds.) 2013. The World Atlas of Language Structures Online. Leipzig: Max Planck Institute for Evolutionary Anthropology. (Available online at https://wals.info/chapter/23),1,abk ace aco ala ame ane apu arp asm atk bag bbw brr cho cin cjo cku cnl coo cre ctm dag dni eka fij gua hix hve jak ket kim kio kiu krk lan lav lkt luv mau mrh nat niv nkk nmb nsg ond otm pip sah sla snm swa tgp tiw tkl tlf tli tmc tun usa war was wic wrn yes yim yli yuc yur zul,71,76475,0.000928408
50A,Asymmetrical Case-Marking,,50,Oliver A. Iggesen. 2013. Asymmetrical Case-Marking. In: Dryer; Matthew S. & Haspelmath; Martin (eds.) 2013. The World Atlas of Language Structures Online. Leipzig: Max Planck Institute for Evolutionary Anthropology. (Available online at https://wals.info/chapter/50),4,ale awp bec bma chk cmn fur geo hua kas knr krk mrl ntu orh pau psm tna yim,20,76475,0.00026152338
57A,Position of Pronominal Possessive Affixes,,57,Matthew S. Dryer. 2013. Position of Pronominal Possessive Affixes. In: Dryer; Matthew S. & Haspelmath; Martin (eds.) 2013. The World Atlas of Language Structures Online. Leipzig: Max Planck Institute for Evolutionary Anthropology. (Available online at https://wals.info/chapter/57),3,abi aln als amq ccm chi chq cle coe cyv gah har hnd hop hua kel lml mlu ndj nua oji oks pau plh sal shu squ tes tru usr ygr,32,76475,0.0004184374
14A,Fixed Stress Locations,,14,Rob Goedemans; Harry van der Hulst. 2013. Fixed Stress Locations. In: Dryer; Matthew S. & Haspelmath; Martin (eds.) 2013. The World Atlas of Language Structures Online. Leipzig: Max Planck Institute for Evolutionary Anthropology. (Available online at https://wals.info/chapter/14),1,abe abk aeg ael agu ahs akl ala ame apa apu arc arg arh arl arm arv asy atq au ava awd bej bgg bgv bho bkl bkr bna bqg bqh bqi bqz bso bui bur bwa cap car cct ceb cha chv cle coo cpa crk ctl cub cyg des dhu dhw die djr dsh dut eka emc eng epe eve fij for fre gay ger god gor grb guj hin hix hno hop htc hzb iga irm irq ita jav kaj ker kew kha kit klm klv knm koa kop kra krk kro ksh ktn kuu kuz kwk kws lar let lez lit lmh lui mah mai mak mam mao mcs mdm mea meb men mlc mlk mlt mly mme mmo mnd mne mng mnm mrk mrl mrs mrw mse mss mun mwn mym nav nbd ndy nep nez ngd ngi nor nya obk occ oss oto plb por prh psh psm pul ram rom ror rot rsm rus sak sao scr sdh sea ser shk sio skp skr sla slo snc snt spa spo sps srd sru sun svc swe swi tah tbl tgw tib tlo tng tno tns tnt tol tps tsh tur uli unm usa wam wic wiy wlo woi wrg yan yap ych yid yil yin yko ypk ysl yuc yun yuw yzv,220,76475,0.0028767572
91A,Order of Degree Word and Adjective,,91,Matthew S. Dryer. 2013. Order of Degree Word and Adjective. In: Dryer; Matthew S. & Haspelmath; Martin (eds.) 2013. The World Atlas of Language Structures Online. Leipzig: Max Planck Institute for Evolutionary Anthropology. (Available online at https://wals.info/chapter/91),2,abu adi aeg agm akn ala amc ame amq amr ams anj apl asm au awe awt baw bbw bdw bfi bid bkl bmb bnn boq brn brp bry bsh bud car cct chs chw cld cmr cnm cro cso ctm dag dgb did die din djm dma dre ese fua fut gjj gln gmw goa hai hal hau haw hix hmo hnd hoa iaa isa jad jmo jms kau kbw kch kel kgr khm khn khs kkv kmz kng knr kob krb kre kri krr ksg kta kwo kwt lah lai lal lao len let lmp lon lug maa mac mad mao mau may mbe mee mgi mie min miz mku mlu mna mnm mon mpa mrg mxj mxo mxp nab nak nam nca ndo ngd ngm ngt ngz nia niu nkn nko nnc nnd nnk nun nuu obo olo oro pit pkn plg pnu pog pok ram rot sal san seb sed sim slp sng snm snt son sre srn sro sul syu tah tak tar taw tgk tha tib tid tim tja ttd ttn tun urk url wal wbn wlf wlo wol wor wra wsk xav yar ycn,192,76475,0.0025106245
77A,Semantic Distinctions of Evidentiality,,77,Ferdinand de Haan. 2013. Semantic Distinctions of Evidentiality. In: Dryer; Matthew S. & Haspelmath; Martin (eds.) 2013. The World Atlas of Language Structures Online. Leipzig: Max Planck Institute for Evolutionary Anthropology. (Available online at https://wals.info/chapter/77),1,abi aeg agr agt ala alw ame arp awp baa baw bdk beb bkr bla bre brh brm bse bur can cax chk chr cjo ckl cle cmh cnl crt cso cyv dag die dio djp dre dyi eng ewe fij for fur grb grk gum guu hau heb hin hmi hmo hun igb ign imo ind iri irq ite juh ker ket kfe khl khm kho khs kkv kls klv kmu knm knr kob kol kon kpm krb kro kse kut lak lan lav lep luv mab mac mal mao map mau may mch mku mnd mny mov mrl mse mun mxc mxt mxz nbd ndy nez nhh nko nmp nti nug nya oji orh pem pip plk pms poh ppi qaw ram rap rom rus san say sba sel siu slp snt spa sre sup swa tab tau tha thk til tiw tli tlp tmc tnb toq trg tsm tuk tus tws txj uhi una usa vie wam war wat wch wiy wol wrd wrg wrk wyn yag yid yim yor yuc yuk yur ywl yyg zul zun,181,76475,0.0023667866
136A,M-T Pronouns,,136,Johanna Nichols; David A. Peterson. 2013. M-T Pronouns. In: Dryer; Matthew S. & Haspelmath; Martin (eds.) 2013. The World Atlas of Language Structures Online. Leipzig: Max Planck Institute for Evolutionary Anthropology. (Available online at https://wals.info/chapter/136),1,abk ace aco aeg ain ala ame amh amp ane apu arp asm atk awp awt ayw bag bej bel bma brk brm brr brs bsq bur cax cha chi cho cin cjo cku cnl coo cre csh ctm cyv dag die diy diz dji djp dni dum dyi eng fij fur gbb git gku goo gua hai hat hau heb hix hmo hua hve iau imo ind ing jak jaq jiv jpn juh kat kay ket kew kho kio kiw kmb knd knr koa kob kor kot kri krk kro kse kut lan lav lda lez lug lui luv maa mal map mar mau may mco mdk mei mis mlk mnd mne mot mrt mun mxc myi nah nar nat nbr nca ngi ngl niv nmb ntj nug nuu ond ood orh ori otm pai pau pip pme prh pur qim qui ram rap sah sal san shp shs sla snc snm snt squ sul sup swa tag tau tib tiw tkl tlf tli tmc tmr ton tpa tru tuk tun tzu uhi vie wao wap war was wch wem wic win wiy wra wrd wrn xok yag yaq yna yor yuc yuk yur ywl zqc zul zun,200,76475,0.0026152337
82A,Order of Subject and Verb,,82,Matthew S. Dryer. 2013. Order of Subject and Verb. In: Dryer; Matthew S. & Haspelmath; Martin (eds.) 2013. The World Atlas of Language Structures Online. Leipzig: Max Planck Institute for Evolutionary Anthropology. (Available online at https://wals.info/chapter/82),1,aab aar aba abi abk abn abo abu abv acg acl acm acn aco adg adi adn ady adz aeg aga agb agh agm agt ain aja ajg akh akn ala alb ale alk all aln aly ama amb ame amh aml amn amp amq amt amx ana anc ane ang ani ano anu ao aoj api apt apu apw arc arg ari arj arm aro arp arq arw asm ass ath atk atm au ava avk avo awa awi awp awt awy ayi aym ayo ayr ayw aze azi baa bab baf bag bai bak bam bao bar bas baw bbl bbw bdm bdu bdw bej bel ben ber bgm bgo bgr bgs bgz bho bhu bid bii bik bin bio bir biu bka bkb bkt bku ble blt blx blz bmb bnb bni bnj bnk bnn bnu boa bob bod bok bol bon boq bra brf bri brl brm brn brp brq bry bsh bsk bsq bsr bti bua bub bud bug bum bur bus but buu buy bvi bya bzi cah cai cam can car cas cay cct cde cga chb chc chd chg chh chi chk chn chp chr chs chv chw cic cln cme cmh cml cmn cmr cnl cnt coa coc cop cpn cpy crn cro cti ctm ctw cua cuc cui cup cze dag dam dan daw day ddj dds deg der des deu dga dgb dgo dgr dha dhb dhm die dig dim din dio diy dja dji djp djr dlm dma dmi dmk dms dni dok doy drg drm dsh dua duk dul dum dun dut dyi ebi edo ega egn eip eka eko emb eme emm ene eng eno epe erk err ese est eud eve evn ewe ewo fas fin foe fon for fqs fre fri fua fur fut fye ga gah gal gam gan gap gar gav gbb gbs gds geo ger ggu ghb ghr gim gla gln gmw gmz gnb god goe gog gok gon goo grb grg grw gua gug guh guj gul gur guu guw gwa gwo gyc hai hak hal ham han har hat hau hay heb heh hem hhu hid hin hlp hma hmi hmo hna hnd hol hop hpd hua huc hui hum hun hya hzb iat iau iba ice idn idu ifm igb ige igs iha ijo ika ila imo ina ind ing inn iqu irq irr irx isa isi ite ito iwa iwm izi jab jad jar jbt jin jiv jmo jms jng joh jpn jrw juh juk jva jwr kaa kab kac kad kae kan kar kas kau kay kba kbo kbu kbw kby kch kdw kel kem ken ker ket kew kfe kga kgu kgy kha khd khg khl khm khn kho khr khs khw kie kik kil kim kin kio kir kis kiw kkp kkq kku kkv kla klg kll klq klw kma kmb kmh kmk kmn kmo kmp kmr kms kmu kmw kmz knb knc knd kng kni knk knm knn kno knr knw knz koa kob koe kok kol kom kon kor kos koy kpw kqq krc krd kre krh krk krr krw kry krz ksa kse ksg ksm ksn kta ktc kte kti ktl kty kum kun kus kuu kuv kwa kwn kwo kwt kwy kwz kxo kya kyk kyl kyn kyp kyr kyz kzy laa lab lad lag lah lai lak lal lan lao lar lav lbu lda ldo ldu leb lec leg lel len lep les let lew lez lgi lgt lho lic lim lin lis lit lkt llm lmh lmn lmp lmu lnd lon lot lou luc lug lui luo luv ma mab mad mae mag mai man mar mas mau maw max may mba mbe mbi mbm mbo mbr mbt mby mcd mda mde mdg mdl mdn mdo mds mdw mea mee mei mek mem mer mey mga mgg mgh mgi mgk mgo mgq mgu mhi mhu mie mii mij mik mil mis miz mka mkd mke mkg mkh mki mkj mkl mkq mku mkz mla mlg mlk mlm mlu mmb mmv mnc mnd mne mng mni mnm mno mns mnv mny moe mof mog mom mon moo mor mos mot mou mpa mpt mpu mqf mrc mrd mrg mrh mri mro mrr mrs mrt mru mrw msc msg msl msm msn mss mtb mto mts mtu mua mui mum mun mup mur mus muu mwe mwo mxe myg myi mym myn myr nab nad nag nah naj nak nal nam nar nas nat nav nbd nbe nbm nbr ncm ndb ndi ndj ndo ndt ndu ndy neh nep nev new ney nga ngd ngi ngj ngk ngm ngn ngo ngt ngu ngw ngz nhn nis niv nkb nke nkn nko nku nma nmb nmd nmm nnd nng nnk noc nog non noo nor nph nse nsn nti ntj nto ntu nua nue nun nup nus nwd nya nyi nyk nza nze obg obo ocu oir oks olo omh omi one ong ora ord orh ori ork oro orw ory osa oss otr owi oya paa pae pal pam pan par pat paw pba pdp per pia pir pis pit pkn plg plh plk pme pmn pms png pno pnu pny pog poh pok por pra pre prh prk prs psh pso psw ptt ptw pul pum pun pur qaf qaw qhu qim rag ral ram rao ras raw rem res ret rga rgc ria rik rim rmb rnd rny rom ron rot rpa rru rsu rum run rus rut rwa ryu sah sak san sap sar sav scr sdw sea sed sem ser ses sgb sgl sgu sha shb she shh shi shk shl shm shn sho sht sia sid sil sin sio sir sis skk skm sko skp skr sku skw sla slb sle slo sme smn sna sng snh snm snn sno snt sob sod som son spi srb src srd sre srn sro ssa sta sti stl stn sud sue suk sul sun sup sus svs swa swe syu tab tac taf taj tak tal tam tan tao tar tau taw tba tbl tbt tbu tbw tce tdi tdr tel teo ter tet tgk tgl tgn tgr tha thk thn thu thy tia tib tid tig tik tis tiv tiw tja tki tkl tkm tlf tli tlo tma tmc tmg tml tmm tmn tmo tmr tnb tnc tne tni tnk tnn tny tod ton tou toz tpr tpt trb trm trr tru trw tsf tsh tsz ttd tte ttn ttu tuc tul tum tun tur tuv tuy tvo tvt twe twn txj tye uby udh udi udm uhi ukr uld uli una ura urd urk url urt uru usa usr uyg uzb vai ven vie vnm wag wah wak wal wan wao wap was wau way wbn wch wed wiy wlf wlw wly wma wme wmu wn wna woi wol wom wra wrk wrm wrn wry wsk wtm wwa xam xar xas xav xbi xer xho xns xoo yah yal yam yaq yar yay ybi ycn yei yel ygr yi yid yim yin yko ykt ylm yng yor yqy ytu yuc yuk yul yur yus yuw zag zan zar zay zaz zch zhn zim zpr zul zun,1192,76475,0.015586793
58B,Number of Possessive Nouns,,58,Balthasar Bickel; Johanna Nichols. 2013. Obligatory Possessive Inflection. In: Dryer; Matthew S. & Haspelmath; Martin (eds.) 2013. The World Atlas of Language Structures Online. Leipzig: Max Planck Institute for Evolutionary Anthropology. (Available online at https://wals.info/chapter/58),1,abk aco aeg ain ala alw ame amh amp ane apu arm arp asm awp awt aym baa bag bej bel bma boa brh brk brm brr brs bsq bur buu bzi cax chi chk cho chy cin cnl cre ctm cyv dag die dig diy diz djp dni dre dum dyi eka eng epe eve ewe fin fre fua fur gbb geo ger gmz goo grb grk grr grw hai hat hau heb hin hix hmo hua hun hve iau ijo ik imo ind ing jak jpn juh kat kay kch ket kew kha kho khs kim kio kln knd knk knm knp knr knu koa kob koi kor krk kro kui kut kzy lan lav lda lez lim lkt lug luv maa mal mao map mar mau may mdk mei mlk mnd mne mot mpa mrg mrh mrt mss mto mxc myi nah nai nan nar nbd nca nez ngi nim nkk ntu nug nyn ond orh ori oss otm pai pau prh prs pso pwn qim qui ram rap res rus sah sal sam san siu sla snm snt spa squ sue sul sup swa syu tag tau taw ter tgp tha tht tib tiw tkl tlf tli ton tot tuk tun tur tuv uhi vie wap war wch wem wic win wra wrl wrn wrs wry wsk yag yaq yes yim yko yli yor yuc yur zqc zul,233,76475,0.0030467473
81A,Order of Subject; Object and Verb,,81,Matthew S. Dryer. 2013. Order of Subject; Object and Verb. In: Dryer; Matthew S. & Haspelmath; Martin (eds.) 2013. The World Atlas of Language Structures Online. Leipzig: Max Planck Institute for Evolutionary Anthropology. (Available online at https://wals.info/chapter/81),5,asu cub hix kkq myi par sel tir tvl urn,11,76475,0.00014383785
103A,Third Person Zero of Verbal Person Marking,,103,Anna Siewierska. 2013. Third Person Zero of Verbal Person Marking. In: Dryer; Matthew S. & Haspelmath; Martin (eds.) 2013. The World Atlas of Language Structures Online. Leipzig: Max Planck Institute for Evolutionary Anthropology. (Available online at https://wals.info/chapter/103),2,abk acm aco ala alb ame amh ane anj apu ara arp au awp baa bag baw bej ber bkr bln bma brn bsq bur can cap car cav cax cba cbo cha chk cku cle cmn cnl cop cub dag dgr dio diz dni dum dut eka eng err eve ewe fij fre fua fur geo ger gmw grk grw ham hat hin hix hua hun ind iqu iri irq ita ket kew kfe khs kjo kkv klv kna knd knr kom kon kos kpm krb krk kws lak lav lel lrk luv mab map mau may mis miz mlk mna mne moa moh mrd mrl msl msn mss mun mxc nai nak nbd ndo nez ngi ngk nko nti nyu ond oss pal par plk pol prh qui ram ret rus sah sal slp sml snt spa sue swa syu tab tap tau taw tid tin tir tiw tla tmr tna tri tru tsi tso tuk tun uma una ura usa wam war was wel wma wsk xok yag yim yko ypk yuc yur zan zqc zsq zul,181,76475,0.0023667866
47A,Intensifiers and Reflexive Pronouns,,47,Ekkehard König; Peter Siemund (Stephan Töpper). 2013. Intensifiers and Reflexive Pronouns. In: Dryer; Matthew S. & Haspelmath; Martin (eds.) 2013. The World Atlas of Language Structures Online. Leipzig: Max Planck Institute for Evolutionary Anthropology. (Available online at https://wals.info/chapter/47),1,afr ala ame amh arg arm asm bag ben bgv brh brm bur cha cle cnt dsh dut eng eve fin fur gar geo god goo grw guj heb hin hmo hun imo ind ing iri jpn juh jun kas kay kfe kha khm knd kob kor lan lav lez mal mar mei mhi miy miz mlt mnd mns mup mxc mym ndy nko nor otm oya pan pit pod prs qhu rap snh snn sue swe tas tel tha tiw tml tna tru tsa tuk tur urh vie wel wlf wra yim,94,76475,0.0012291599
27A,Reduplication,,27,Carl Rubino. 2013. Reduplication. In: Dryer; Matthew S. & Haspelmath; Martin (eds.) 2013. The World Atlas of Language Structures Online. Leipzig: Max Planck Institute for Evolutionary Anthropology. (Available online at https://wals.info/chapter/27),1,abk abm aeg agc akn ala alw aly ame amh amp api apl arp asm ass asy aym baj bal bco bej bis bkl blq blx bma bnj bsm bsq buw cah cax cba cck cct cha chh chk chl chr cin cla cmk cmn cmx cnl coe col coo cos cre cuu cwe cyv dag dah dga dhm diy dji djp djr dre dri dyi epe ewe fox fua gar geo goo gum ham hau haw heb hil hin hlp hlu hmo hop hrr htc hui hun hzb iaa igb ilo itz jak jaq kay kha khm kho khs kik kjn kkv klm kls klv kma knd knr koa kol koo kor koy kpm krb krk krw kuo kwk kya lac lav lil lkt lmp lrd lui lus luv maj mal mao mar mau maw may mcs mdr mei men min miy mki mks mlk mmb mnd mnm mok moo mos mpa mra mrq msh muh myi nak nau ndb nde ndy nez ngi ngk ngl nhc nia nkr nnc nug nuu nyn ojs oka olo ood orh oro pac pai pan pau pgl pip pms pnn poh prs psh pul put qay qui rit rmb rnd rny rot ruk sam sed ses shp shu siu sml som spo squ srn sro sry sst stl sun swa swi swt tag tbb tgk tgr tha tho thw tid tig til tim tin tiw tja tkm tlp tml tmr tng toj tru tsg tsi tso tuk tur tuv twa tze tzo uhi uyg vie war was wat wik wmu wrd wrk wrl wry wsk wwy xho yaq yct yid yim yin yir yny yor yuc yuk yur ywl,278,76475,0.0036351748
99A,Alignment of Case Marking of Pronouns,,99,Bernard Comrie. 2013. Alignment of Case Marking of Pronouns. In: Dryer; Matthew S. & Haspelmath; Martin (eds.) 2013. The World Atlas of Language Structures Online. Leipzig: Max Planck Institute for Evolutionary Anthropology. (Available online at https://wals.info/chapter/99),1,abi abk aeg ain ame apu arp bam bkr bma car cea cle cyv dag dio ewe geo grw hai ham hau hix hmo hzb ind irq jak juh ker ket kfe khm kmu kon krk kro kse kut kyl lak lan lav luv map mau may mnd mrd mun mxc ndy nht niv nko nti nug pms prh rap san sla sue sup swa tab tag tha tiw tsi tun usa vie wch yag yim ypk zul,79,76475,0.0010330173
25A,Locus of Marking: Whole-language Typology,,25,Johanna Nichols; Balthasar Bickel. 2013. Locus of Marking: Whole-language Typology. In: Dryer; Matthew S. & Haspelmath; Martin (eds.) 2013. The World Atlas of Language Structures Online. Leipzig: Max Planck Institute for Evolutionary Anthropology. (Available online at https://wals.info/chapter/25),5,aeg ain ala ame arp asm atk awp bag bbw bri brr brs bsq buu bzi ccp cha chk chy cnl ctm cyv diz dni dum eka epe eve ewe fin fre geo gku gmz goo hai hat hau heb hin hmo hun iau ika ing jel kim kio kis kkr kmb knp knr koa kob kri kro kut lai lug luv mal map mar mau may mis mlk mot mpa mun mxc nar nca nkk ntu nug nuu nyn orh ori pau prs qui ram rap san sdw siu sml snm spa squ sue sup swa syu tag tau tha tiw tmc ton tuk tur wao wch win wra wrl wry wsk xok yag yim yko yor zul zun,121,76475,0.0015822164
83A,Order of Object and Verb,,83,Matthew S. Dryer. 2013. Order of Object and Verb. In: Dryer; Matthew S. & Haspelmath; Martin (eds.) 2013. The World Atlas of Language Structures Online. Leipzig: Max Planck Institute for Evolutionary Anthropology. (Available online at https://wals.info/chapter/83),1,aar aba abk abn abo abv acn acu adg ady aga agm agt ain akh ala ale aly amb amc ame amh amn amp amt amx ana ang ano ao api apl apt apw arc arw asm ass asu ath atk atm ava awa awi awp awt awy aym aze azi baa bam bao baw bbw bdm bdw bej bel ben bgm bgn bho bhu bin bio biu bkb bkt bln blt blx bnj bnu boa bod boj bok bon boq bri brl brm brp brs bry bsk bsq bsr bti bua bun bur bus but bya bzi cah can car cas cay cbo cct cde chb chc chd che chg chh chi chk chn chp chs chv cln cml cmn cmr cnl coa cpn cpy cro cti ctm ctw cub cui cup dag dan daw dds der des deu dgr dha dhb dhm die dig dim diy dja dji djp dlm dmi dmk dms dni drg drm dul dum dun dyi edo eip eka emb eme ene epe ese eud eve evn fas foe for fqs ful fur gah gal gam gan gap gar gav gds geo ghb ghr gim gln gmw god gog gon goo grw gug guh guj gur guu gyc hai ham han har hay hhu hid hin hix hlp hma hmi ho hop hpd hua hui hum hzb iat iau idn idu iha ijo ika imo inn irq irx isa isi ite iwm jad jbt jin jiv jms jng joh jpn jrw jug jva jwr kaa kab kac kae kbo kbt kbu kem ket kew kgu kgy kha khd khg khl kho khr khw kie kim kio kiw kkp kkq kku klg kll klq klr klw kma kmb kmh kmk kmn kmo kmp kmr kms kmz knb knc knd kng knm knn kno knr knw knz koa kob kok kol kop kor koy kqq krc krd krh krn krr krw kry krz ksa kse kta kti kty kum kun kus kuu kuv kwb kwo kwt kwz kxo kya kyk kyn kyp kyr kyz lad laf lah lai lak lal lar lav lep lez lho lim lis lkt lmn lot lun mab mac mag mai man mar maw max mbo mde mdl mdn mei mek mem mer mey mgg mgh mgi mhi mii mij mik mil mis miz mka mke mkg mkh mki mkj mkl mku mlk mme mnc mne mni mnm mno mns mnv mny mog mom mot mpa mpt mqf mrc mrd mrh mri mrr mrs mru msc msg msl msn mto mts mtu mui mun muu myi mym myr nab nad nag naj nam nar nas nat nav nbd nbr ndj nep nev new nga ngg ngi ngj ngn ngt nis niv nkb nku nma nmb nmd nmm nnd nnk noc nog nph nsn ntj ntu nus nwd nya nyi nyk nze oir oks omh omi ong ord orh ori ork oro orw ory osa oss owi oya pae pan par paw pba pdp pia pir pis pit pme pmn pno pra prh prk prs psh pso ptt ptw pun qaf qaw qhu qim ral ram rao ras raw rem res ret rgc ria rik rmb rpa rum run rut rwa ryu sar sav sdw sel sem ser shb she shh shi shk sho sia sid sil sin skk sko skp skr skw sla slb slg sme smn sna sng snh snm snn snt sod som spi srb src srn sro sta stl sue suk sup sus svs syu tac taj tak tam tao tar tau taw tba tbl tbt tbu tce tdi tdr tel tgl tgr thk thn thu thy tib tig tir tis tja tkl tkm tlf tli tlo tls tma tmc tmg tml tmo tnb tnc tni tnn tny tod ton tou tpt trb trr trw tsf tsh tsz tte ttu tuc tul tun tur tuv tuy tvl tvo tvt twe tye uby udh udi udm uhi una urd urk urn uru usa usr ute uyg uzb vaf vai wag wah wai wak wao wap was wau way wbn wed wic wlw wly wme wmu wn wna woi wom wra wsk wtm xas xer xns yah yal yam yaq yar ybi yei yel ygr yi yid yim yko ykt ylm yqy ytu yuc yuk yus yuw zag zay zaz zim zun,712,76475,0.0093102325
112A,Negative Morphemes,,112,Matthew S. Dryer. 2013. Negative Morphemes. In: Dryer; Matthew S. & Haspelmath; Martin (eds.) 2013. The World Atlas of Language Structures Online. Leipzig: Max Planck Institute for Evolutionary Anthropology. (Available online at https://wals.info/chapter/112),2,aab abi abn aco adg adn aeg agd agh ain ajg ala alb alc alk all aln alw amb ame amq ane ani anj ann anu apu ara arg arj arp asm asy au awa aym baa bag bao baq bar bbw bdm ben bfg bgo bgr bii bik bir bka blr blx bma bmb bnn bnu brf bri bsq bto bua bud bul bum bun bwc bzi cah cai cax cea cha chc chk chp chx ckl cle cmn cmy cnl cnt coo cos cpy cre crn cso cti ctl cup cya dag dan dga dgb dgo dhr dhw diy dja dji djn djp dmk dni dsh dua duk dum dut dyi ega eip eka eng eno ese est eud ewo fre fye gaa gae gap gbb gbs gds geo ger ggu gmw gnn gok goo grf grj grk grr grs gud guh guj guu hat hau haw hay heb hil hin hna hun hup hve ice ige igs ik imo iqu iri irr isa ita iwm jab jak jaq jar jmo kaa kad kae kan kar kau kdz kel ken ker kfe kho khr kkv klm kls klv klw kmk kmz knb knc kni knn koi kor kos kre krj krr ksa kse kti kty kum kuo kut kwa kwn kwt laa lab lac lag lan lar ldu lel lgt lin lkt lmg lmn lon lui luo maa mac mad mal mam mas mau may mba mbt mby mcd mch mco mda mde mdm mdo mdw mea meh mer mga mgg mgi mgk mgu mhu mir miz mkl mku mlk mlu mmn mna mnd mni mnm mno mns mny moe mog moh mok mos mou mpo mpu mra mrd mrg mrh mri mrl mrt mrw msm msq mss mtb mtu mum mur mus mut mxc mxj mxo mxp myg myi nab nad nag naj nar nav nca ndj ndo neh nev nez ngi ngj ngm ngu ngw ngz nha nhh nhm nht nke nkk nnk nor nse nti nua nue nug nyi nyn nyu nza nze oji oks olo omi ond one ono ood osa oss otm paa pai pal pan par paw pba pip pkn plh pno pod poh pok pol por pul pur qim qum ram raw res rik rom rov rsu rus sah sam san scr ses sgb shl shp sht shu shy sid sim sio siu skw sla slb slo sme sml sna sng snn so sob som spa src srd sta sup swe tab tac tag tah tak tam tau taw tbo tbt tce tee ten tep ter tes tgh tho thy tid tim tiw tja tkl tli tmn tmo tmr tnn tno tny tou tpn trb trr tru tsg tsh tsk tsn ttn ttu tus tzo tzu ukr uld una urk urt usa wag wak wal wam wch wec wel wem wic wir wiy wlm wma wmu wom wor wrb wrd wrg wrm wry wsk wya xam xav yag yap yaq yei yid yin ylm yng yok yur yuw ywl zai zch zzo,502,76475,0.0065642367
76A,Overlap between Situational and Epistemic Modal Marking,,76,Johan van der Auwera; Andreas Ammann. 2013. Overlap between Situational and Epistemic Modal Marking. In: Dryer; Matthew S. & Haspelmath; Martin (eds.) 2013. The World Atlas of Language Structures Online. Leipzig: Max Planck Institute for Evolutionary Anthropology. (Available online at https://wals.info/chapter/76),3,aco akn ame amh ana asm aym bab bkr brh brs chk cre cyv dag die dre eka eve fij gar ham hzb imo ind ker ket kha kho khs klv kmu knr kob kty kut lad lav lep lez lkt mai mal mao mdg meh mei mhi mie mku mna mns mok mrd mun mxc myi ndy nez nht niv nko nma nug otm pai pan pau pba pit psm pso qim sel shk sla sml smt snm sno som squ sup tab tgr tli tor tru tuk tvl una usa uzb vot wam wch wra yaq yko ypk yuc yur zqc zya,105,76475,0.0013729978
111A,Nonperiphrastic Causative Constructions,,111,Jae Jung Song. 2013. Nonperiphrastic Causative Constructions. In: Dryer; Matthew S. & Haspelmath; Martin (eds.) 2013. The World Atlas of Language Structures Online. Leipzig: Max Planck Institute for Evolutionary Anthropology. (Available online at https://wals.info/chapter/111),1,bag djr ewe goo grk hmo iri klv kro may mul nav ndy otm pms rej src tha tib vai yay yor,23,76475,0.00030075188
5A,Voicing and Gaps in Plosive Systems,,5,Ian Maddieson. 2013. Voicing and Gaps in Plosive Systems. In: Dryer; Matthew S. & Haspelmath; Martin (eds.) 2013. The World Atlas of Language Structures Online. Leipzig: Max Planck Institute for Evolutionary Anthropology. (Available online at https://wals.info/chapter/5),1,abi abm ach acm aco aea aht ain alw amc amp amu amz ant ao api apu arb arc arm asm ata ava awp aym bai bco bee ber bng bra brd bua byu cac cah cax cck ccp che chk chl chp chq chu chw cmn cnl cnt cre dad die diy djp dni don dum dyi eya fas fij ful fuz fye gds geo gla gmb goa goo grr grw gua hai hak ham haw hmo hop htc hup imo irr ite iwm jak jaq jav jeb jiv jom jpr kay kek kew kgu khm kho kkv kmu kng koa kob kor krb krk kro kry ksg kss kty kut kwa kwo kya len lkk lkt lui luv maa mao map mar mau max may maz mbb mku mlk mme mnd mne mor mov mrt mss mtp mxc mxm myi mzc nan nas nav nbk nez ngi nhn nht niv nmb nnc ntu nug nun nuu nyg oca oji ond pac pae pec phl pit pms pnr poa poh prh psm qaw qco rap ror rtk seb sed sel sha shi shk shs shu sin skp sla slp snc snm snt spa squ svs tam tgk tiw tli toa tol ton tpa tru tso ttu tuk umb urk usa vie wah wam war wch wdo wic wiy wmu wnt wps wra wrd wrs wry wuc yag yaq ycn yct yel yes yid yim yny yur yus zqc zul zun,242,76475,0.0031644327
89A,Order of Numeral and Noun,,89,Matthew S. Dryer. 2013. Order of Numeral and Noun. In: Dryer; Matthew S. & Haspelmath; Martin (eds.) 2013. The World Atlas of Language Structures Online. Leipzig: Max Planck Institute for Evolutionary Anthropology. (Available online at https://wals.info/chapter/89),2,aab aar aba abo abu abv acl acn adg adi adz agb agh agm agt ajg akh akn alk all aln aly ama amb ame aml amo amp amq amt amx anc ane ang anj ano anu any ao aoj apt apw asm atk au awe awi awt awy baa bab bag bai bak bam bar bas baw bbl bbu bdu bem ber bfi bgm bgr bid bik bin bir bka bku ble blt blx blz bmb bni bnn boa bod bok bra bri brl brm brn brp bry bud bum bus buu bvi cai cas cct cem chg chi chs chw cic cmr cro cti ctm dag dan day dds deg dga dgb dgo dha did die dig dim din dio diy dlm dma dms doy duk dul dum dun dyi edo efi ega egn eip eka emb emm epe erk err ewe ewo fas fon for fua fur fye gah gal gap gar gbb gbs giz gln gmw goe grb grj grw gud gul gur guu gwa gwo gyc hai ham han hat hau hdi heh hem hma hna hnd hol huc hya iau idn idu ifm igb ige ik imo ina inn irq irr irx isa iwm jab jad jel jms jng juh juk kac kae kar kau kbw kch kel ken ker kew kfe kga kgr kgy khd khm kie kim kin kir kis kje kkv klq kmb kmi kmj kmn kmo kmp kmr kmu kmz knc kni knk knm knr knz koa kob koe kok kon kos kpe kpw kqq kro krr kse ksg ksn kta ktc kte kti kuu kwb kwn kwt kyk kyl kyo lab lad lag lah lai lal lan lao lar lav lbu lda ldo leb lel len lep les let lew lgi lgt lis lkt llm lmg lmh lml lmu lnd lon lot lug luo luv ma maa mab mad mae maj mal man mao mar mas maw may mba mbe mbl mbm mbr mbt mby mda mde mdg mdl mdn mdo mdw mea mee mei mey mga mgi mgo mgq mgu mhl mij miy miz mka mkd mkg mkl mku mlg mlk mlu mmi mmv mmw mni mnm mnv mnz mof mok mom mon moo mor mot mou mpo mpt mpu mrg mrh mri mrl mro mrr mru msc msg msk msl msm mtb mts mua mud mum mup mur mwe mwo mxe myg myn nab nal nam nan nax nbd nbr ncm nde ndi ndj ndo ndt ndu new ney ngb ngg ngk ngm ngn ngo ngt ngu ngz nis nkn nko nku nma nnk non noo nph nrg ntj nto nua nue nup nus nyh nyk nym nza nze obo olo omh omi ora orh ori oro orw otr owi paa pai par pat pau paw per pia pis pit pkt plh pms pnx pod poh pok pre prh prk psw pum pun qia rag ral ram raw rgc rny ron rot rum rwa sah sak san sdw seb sem ser sgb sgu she shl shn sht sio skk sko sku sla slb sle slp smn sng snt so sob spi sro sud sue sul sup swa tab tam tao tau taw tba tbl tbt tbu tbw tdi tdr ten ter tes tet tgl tgn tgo tha thd thk thy tib tid tik tis tkl tlf tlo tmm tmn tmo tna tne tng tnn tou toz tpr trb trr ttd tte ttn tuk tum tvt uld una ura urt usa vai ven vif vnm wag wah wal wap wma wmu wna woi wra wsk wwa xam xas xbi xho yal yar yel ygr yi yid yiw ylm yor yqy yuc yul zag zan zar,608,76475,0.007950311
2A,Vowel Quality Inventories,,2,Ian Maddieson. 2013. Vowel Quality Inventories. In: Dryer; Matthew S. & Haspelmath; Martin (eds.) 2013. The World Atlas of Language Structures Online. Leipzig: Max Planck Institute for Evolutionary Anthropology. (Available online at https://wals.info/chapter/2),2,abi ach acm aco aeg aht aik ain ame ani ant ao apu arb arc arm asm ata ava baj baw bee bej ber bis bng bno bod brh bri bsq bto bua bul bur cac cam car cha che chk chp cil cle cmn cof coo cso cti cub cve dad dag dah dar ddf der det dgb die diz eka eve evn fas fij fur fye gar geo ghb gmb goa grk gua gwa had hak hau haw hba hin hix hmo hmr hok hop htc hum hve iba igs ind ing ird irq irx ite ito iwm jak jng jpn jpr juh kad kal kch ked kef kek ker kew kho khr khs kio kiw kkv klv kly kmp knd knk knm koi kot koy kpa krb krk kry kse kty kul kun kur kwa kwk kws lad lam lat lav len lez lit lkk lkt lui luv mak mao map mar mau max may mei mgg mku mlk mnc mnd mne mog mor mov mrd mss mui mum mun mxc mxm mya myi mzc nai nap nar nas ndy nep nez ngz nht nim niv nko nmb nob ntu nun oca ood orh orm paw pec pms pol prs psh psm pso pur qco rap res ror rsc rtk rus rut sba scs sdw seb sha shi shu sin sla slp snc soq sor spa sue svs swa tab tag tam tel ter tgk tgr tic toa tok tol ton tru try tso ttn ttu tuk twn tza umb urk usa uzn wah wao wap war wch win wiy wma wmu wra wrd wry xoo yag yan yaq yar yaw yay ycn yct yey ygr yko ytu yuc yur zqc zul zun,287,76475,0.0037528605
96A,Relationship between the Order of Object and Verb and the Order of Relative Clause and Noun,,96,Matthew S. Dryer. 2013. Relationship between the Order of Object and Verb and the Order of Relative Clause and Noun. In: Dryer; Matthew S. & Haspelmath; Martin (eds.) 2013. The World Atlas of Language Structures Online. Leipzig: Max Planck Institute for Evolutionary Anthropology. (Available online at https://wals.info/chapter/96),2,aar abo abv agm aly ame amp ana ang apw arw baa bej bio bok brp brs bsr bus cah cde chp cmn ctm cub dag dan des dni dyi emb eme eud fur gap geo ghb grw hid hix hui iau idn irq isa kbt khl klr klw kma knc knm knr knz krd krr kse kwz mab maw mkj mnm mno mot msl myi naj nar nat nbd nku orh orw par pba pno prs psh ptt run sdw shb skr slb snh som src sro taj tak tar taw tbt tbu tce thy tls tnn tny tpt trb tun tvl ute vaf wah wak wic yaq yuc yuk zag,113,76475,0.0014776071
8A,Lateral Consonants,,8,Ian Maddieson. 2013. Lateral Consonants. In: Dryer; Matthew S. & Haspelmath; Martin (eds.) 2013. The World Atlas of Language Structures Online. Leipzig: Max Planck Institute for Evolutionary Anthropology. (Available online at https://wals.info/chapter/8),2,abi abk acm aea aeg agh aiz alb ald alw ame amh amo amp amz ana anc ao arm arp ata awn aym aze bag bai baj bam baw bbf bco bee bej ben ber bet bir bis bki bkr bma bng bod bra brb brd bre brh brm brw bsk bsq bto bua bul bur byu cac cah cam cay cha che chl chq chu chv chw cil cle cnl cnt cso cti ctl dan dar ddf dgb dgr die din dio diy diz djp dni dnw don doy dre dts dum dyi eng eve evn ewe ewo fij fin fre ful fur fuz fye ga gbb ger ghb gla gmb goo grb grk grr gua gwa hak hau haw hba hin hmo hmr htc hun hve iba igb ign igs ijo ik imo ind ing ird irx iso ito iva jak jaq jav jeb jeh jng juh kad kas kay kch ked kef kek ker kfe kgi kgu kgz kha khr khs kkn kkv klm klv kly kmp kmu knd knm knr kob koi kom kor kot koy kpe krd kro kry kse ksg kss ktk kty kul kun kur kwa kws kya kyl kzy lad lah lak lan lat lav len lep lez lkk lkt llm lu lua lui luo maa mab mal map mar mau maz mba mbb mbm mei mgg mie mku mla mlk mme mnc mnd mne mog mpa mrl mrn mro mrt mss mum mun mxc mxm mya myi mzc nai nan nap nar nax nbk ndt ndy nep new nga ngi nhn nis niv nkt nnc nob non nor nti ntu nug nun nyg nyi ogb oji ond orh orm otm pac pae pec phl pit pms poa poh pol prs psm pso puk pur qaw qco ram rom rsc ruk rus rut sab san sba scs sdh seb sed sel sha skp slp sml snd snh som soq sor spa sre sui sup svs swa tab tag tam tas tel tgr tha tib tiw tks tlp tma tmn tmp tne toa tok tol ton try tsg ttn tug tuk tul tun tur tuv tza umb una uzn vie wah wam wap wch wdo wlf wma wmu woi wrd wrs wry wuc xoo yan yap yaq yay yct yel yes yid yim yko yny yor ytu yul yus zqc,388,76475,0.0050735534
